,0,1,2
0,18.697130551005575,34.52144515514817,0
1,47.44758816021605,-9.256451486914097,1
2,-10.121095556250472,-0.6513023061628674,2
3,-20.080091471533716,16.4214339686463,2
4,17.729081471252385,15.80173981283139,3
5,-12.962856229291123,3.851528060112385,2
6,-48.69260428529073,1.546333531882165,8
7,0.7971975395252848,19.867287505669008,6
8,1.7168307572754555,-14.634228076914168,5
9,8.102595630160417,5.358916904589157,0
10,21.176137422492936,20.122376541597795,3
11,-3.859756226117701,4.081292002483689,4
12,2.052926697768231,33.13842470427684,4
13,-13.017898187840139,15.587885194445727,6
14,-45.7323060017976,5.308279947317764,8
15,-0.16945705629638125,-19.78196511301082,5
16,-6.3533342160834625,28.657095297978742,6
17,19.87511116315811,16.189852857337286,3
18,-7.100157491287995,30.01206637306615,6
19,-18.284713329477594,14.401505677191349,4
20,5.790467265232551,28.888527237589322,4
21,-15.807930583112368,30.580881147808118,4
22,-10.531122657997159,18.176827560687595,2
23,51.07400103604435,-1.1878695887792443,1
24,-21.34441356274461,-24.208657518379415,5
25,-9.358470250999925,-42.390649282417904,7
26,-29.674500346184264,5.467217034680699,8
27,-4.284729881499038,9.338814566040497,4
28,-1.3144240698421397,31.172302521798663,4
29,50.660449762430765,2.074428534691457,1
30,-9.82333191680724,-38.679687817173836,5
31,-15.311031786758907,-34.33860448913867,7
32,-9.217919085495787,-43.05968606084378,7
33,-28.979808472285242,3.6764382174230685,8
34,40.07237677552648,-7.415249872089994,1
35,6.093634205421981,5.116645033063734,0
36,15.86545594213415,-38.95104602664363,9
37,-47.14107453040536,8.185861329317099,8
38,26.521200112893972,18.283875631197148,0
39,13.292128509343584,0.9134313991727038,8
40,-14.44750385825551,11.106027570380181,2
41,26.178381371257455,42.876252161876984,0
42,-10.409428068718448,13.939248981167193,4
43,-26.08256594830122,22.814744582110617,6
44,-4.427278705619856,-2.6830556108605843,2
45,26.44230109477674,32.20844699708201,0
46,25.876412678713496,-3.523481100187151,3
47,14.820323867761784,24.48406916083032,3
48,-24.35936565130095,32.259488081728136,2
49,26.743586619503894,-3.6541919151549123,3
50,-7.285846256590783,11.086829346418913,2
51,-5.502553424701295,33.78768103021782,2
52,20.104585835068296,-35.42253022271526,9
53,28.00199200541021,4.68064962054028,3
54,29.702185400079408,35.2389728392474,0
55,12.739923901850352,-38.49746626068991,9
56,13.57843888021648,-32.871612857417865,9
57,-16.14343323806561,36.097640048135325,4
58,-17.56026936594706,17.464019900145175,6
59,30.13421116786128,14.973023956031309,0
60,-3.8467233263257214,31.86179632789256,4
61,-4.904502625782416,-26.994870084280894,5
62,-9.673109648320274,27.585101860014788,4
63,-11.293106832586863,29.338567430734557,6
64,27.62854738927354,-3.7036961764649594,1
65,45.08084315129264,-0.36627376270292133,1
66,20.48096814891278,31.024168980350854,0
67,11.882988140037279,-34.31651019073786,9
68,-12.935905376756784,-27.415001026761068,5
69,-18.02428634738444,20.99499213902143,2
70,-27.25070459802458,-23.868879200259233,7
71,17.36390357100064,-2.8773085252488735,3
72,-5.804750863619861,26.46738991985406,4
73,-27.40642828353062,20.715438966300745,6
74,1.0206627503100323,-20.67432551541284,5
75,-28.541216889912896,-29.45011874224355,7
76,49.7373003172244,3.356164480283386,1
77,-3.1596614240510137,-0.8208523632396788,6
78,36.59431507610955,-6.300212219461823,1
79,19.38362482502574,0.5774981301767835,4
80,0.3603134793468456,-39.66833816627046,9
81,0.20669280863875544,-3.175341760718056,8
82,46.717536434459596,-8.224861617100025,1
83,-5.735044415228524,3.5816773451203723,2
84,-6.283398708650965,37.74433273250597,4
85,-42.90688635596603,-2.967538902838252,8
86,9.677266555611295,-38.2489159251815,9
87,-11.544155244181788,23.526857152117746,4
88,48.51286152524808,1.2977158223191105,1
89,-9.381534924959377,5.961385473532157,6
90,27.554165058706975,5.950808583873901,3
91,8.383781566533749,17.554086949334877,4
92,-5.573053188165012,27.937827385800833,2
93,-11.378079997325967,10.249476355495775,2
94,-3.693683345192579,-9.496697502926033,2
95,30.56974864395459,15.397907953754874,6
96,-17.44598831841001,37.2462887845287,4
97,-35.36584374218121,-26.603748447371913,7
98,-25.82764335692148,-35.18117886784467,7
99,29.620234682521062,9.975738305550848,3
100,-4.752095930053749,-40.574586439134244,9
101,18.756297597480316,20.501080157710224,3
102,11.121683601416294,-36.57118062560536,9
103,-27.334097702956235,21.261869559261598,0
104,-30.547429914875256,24.622466794739232,8
105,-9.972813937174605,41.79322799520243,2
106,30.762753352619693,4.427863920452916,3
107,-29.366751142994563,23.831419539685747,8
108,-17.56533252483514,20.92199167545264,2
109,-27.952184959974126,-30.906641914740405,7
110,-15.023929829963073,-25.720258533889915,5
111,-19.714041288194306,-18.40595622247772,5
112,12.384522278069635,22.56915500932625,3
113,0.28544851042418323,31.73996733007489,2
114,-31.172470649075343,-23.862930535403088,7
115,-11.256184884491422,-26.119738599818724,5
116,6.260151919113437,5.6114643302025256,0
117,-0.9822582200900349,-5.290144627502826,2
118,-23.546477510604714,-33.531346490402335,7
119,29.28747603847337,-5.839256074380191,1
120,3.5448133329127733,15.399871698570736,0
121,-17.376885618333155,-27.604803166913662,5
122,-18.170453314126554,29.71923555245902,4
123,3.960824779422961,30.249908327905978,4
124,-29.483289591284553,-30.208503378898364,7
125,6.243782661710822,0.8152493854051782,0
126,-6.037420310377804,-19.551545567474026,8
127,-0.6534332989479931,-26.92667077842001,5
128,8.083915437625555,3.5809592908079617,0
129,21.465432653478995,18.652067644418032,3
130,34.76769371648071,-11.459121429884954,1
131,-22.467746211253964,-27.75595367559841,7
132,-3.382051240417908,-43.20965021302392,9
133,-0.7327791772255368,31.39552276722256,4
134,20.309225497603293,-33.94581352053528,9
135,-11.20565374775191,28.699597249489102,6
136,-17.357043497737862,34.835546375693625,4
137,2.112145275423533,29.770448206305595,4
138,27.209849682369363,19.500088444303135,2
139,-15.547721344178278,35.11603712370132,4
140,25.810589826421246,10.22822922851243,3
141,27.509251269898847,1.5599664233293884,3
142,17.898196729711227,-4.490254519193746,3
143,-9.86856023370011,36.407973433846024,2
144,-10.444795450317688,0.09875699320949852,2
145,-11.899308239902233,26.819987433518236,6
146,15.386847458487667,5.198666704145368,0
147,26.936967567736424,29.71411649511055,0
148,38.601448448130796,-3.6507468718460943,1
149,25.33484284799413,6.256055249802911,3
150,-16.475444398399738,34.57327309805501,4
151,32.06450097749469,8.640051660162788,3
152,25.95597233353317,4.572351944091341,3
153,39.761276339766496,-14.706104423217777,1
154,14.989192853030685,-33.323377082150465,9
155,18.630870118179843,-3.957185718906617,3
156,30.241878546109277,10.868268859735366,3
157,16.72781509710796,-0.49288090301959486,3
158,19.169660023043257,-34.079542721598955,9
159,-7.0003971958028215,-25.54623344316211,5
160,-5.1680524871752205,21.056255735052364,6
161,-32.92118693642381,-22.528731538830833,7
162,-22.12383858036359,-36.52484254764713,7
163,4.601704565543841,-6.480688385451126,3
164,-8.344416937100174,31.86133948603466,2
165,-9.989277375045456,23.410930997424792,4
166,24.972936917828363,39.52282666156453,0
167,-17.23227621000779,16.6948311748893,8
168,-25.2485169207124,-26.753059099436026,7
169,-6.14725423816145,-2.9814388661364455,2
170,-3.9640724636237463,17.52155592340042,2
171,-25.10774589949195,0.5265096150192621,8
172,-3.6549330178547517,-38.29029083139713,9
173,5.828085151334079,5.092968218621305,0
174,-9.625454253895576,21.571985802285777,2
175,-5.649766622940807,39.61220632806152,4
176,-26.392616912173807,23.149194371779803,4
177,-5.520047708487846,-16.581213367856492,5
178,-24.063933955977575,-17.79319973839913,7
179,-1.9939623990530744,-41.69455939067061,9
180,-9.912431722579191,-28.408252069860488,9
181,34.37784196725498,-15.420873436999555,1
182,27.59085119962052,-0.48193181538023905,3
183,-0.3169829010500921,-43.67412320604386,9
184,36.36225385900901,-14.54505920273282,1
185,-31.62191681341226,-30.4787498830191,5
186,-1.11678648302222,-26.89886903491564,5
187,-12.835320828822203,15.617985036288529,6
188,21.221990011872023,34.435240718404124,0
189,-31.588940361996006,-28.35614697644442,7
190,7.856560689806519,27.017729851912154,4
191,-10.657733040112344,-37.9335266574783,9
192,33.80185658857447,-16.300501760102012,1
193,-9.927811745927066,3.8569289634662725,6
194,-0.38921636141237975,-1.291837477551025,0
195,24.528043283491222,35.238779006831734,0
196,-17.479984289861644,18.306538856724803,0
197,2.913505499260715,1.4632764380637444,4
198,-22.58762104792354,28.687313547695364,0
199,15.257026534541781,-33.03128876495243,9
200,21.39415285716193,30.647882830683095,0
201,-19.87969716471918,23.952560558383357,4
202,-3.101184656324987,21.249960257140717,2
203,-2.152918611434763,-27.394687306815566,5
204,-19.794817061176392,-32.64291179117103,5
205,-26.161952105059868,2.2956652690138575,8
206,10.520934242926362,6.498401798745567,6
207,-2.6105745052436706,40.17096617221544,2
208,45.68091279326078,-0.6934154099996841,1
209,5.179873181730346,-37.099577567415736,9
210,-1.0057100213166172,6.528940383752324,0
211,-1.0211962300014217,-3.528852168254998,4
212,-32.32039847121975,-29.428370138396424,7
213,47.99496795714684,-2.4648849680089198,1
214,-12.117121425327134,-41.512217459828065,9
215,-0.43687302616914,-20.74709049616213,5
216,15.244810544245286,-32.48320324465169,9
217,-8.854779244987236,20.45523152018315,0
218,-3.9952949939707256,-2.875094984276045,2
219,-29.840060364988517,2.9594287069882323,8
220,-19.291991490835787,-25.609112681184868,5
221,-9.214320685619551,-42.31972149652266,7
222,7.766220482861068,-43.21633378439916,7
223,14.05153913138033,-1.1396231353637025,3
224,-24.140927778139005,25.792613669596864,2
225,-14.106099795172101,36.744703432776696,4
226,-10.288628907738412,-29.187106308465278,5
227,-1.2874816324385192,-40.667676591954354,7
228,-47.778764937871124,0.053602709944873726,8
229,34.89730784907565,-16.079723265823954,1
230,-7.521880910488254,-41.64196861917287,9
231,-29.406011174392187,-26.42605535812526,5
232,-9.498726740754625,1.5951735768276372,6
233,-24.020863450361798,38.08735384246248,2
234,9.555914359186238,-37.83566239170484,9
235,-29.44576872510426,-23.040517010619574,7
236,1.1906436099604445,31.043478815952,4
237,24.583118462713625,34.94280122984595,0
238,15.995772958133548,-35.708116704976305,9
239,-27.62751819915226,24.75753401143491,2
240,39.484693053733,-8.915784839347879,1
241,-11.73179300332613,-19.483406250840787,5
242,-28.863901640627567,-32.64345617096859,7
243,-16.17235852414635,-38.040912309405115,7
244,26.655717435196948,30.03650648411084,0
245,-11.433021075414723,12.455061559246802,2
246,15.364694100828633,18.414440230103615,4
247,-0.9773413279729928,-21.747744790980963,5
248,32.16206031924154,-6.588869569338092,3
249,20.529205984848048,0.369889325798451,3
250,-43.42170438960002,1.1724394633422912,8
251,47.364938267995676,-12.036263977436114,1
252,7.4270222140382955,-1.38008700776988,6
253,-15.211785615333907,29.208475410074456,2
254,-18.026366434608022,33.61231230121214,4
255,-28.506216830466684,1.483843939480998,8
256,6.874635647941665,26.90882589129422,6
257,21.195114900922842,-32.56584862196369,9
258,-30.521247194825992,23.716718996264856,8
259,27.72155028660264,3.142395848309944,3
260,22.186032032804782,-5.957888507130357,3
261,-21.476200752772726,27.97482980922571,2
262,-17.150729506765757,37.29484404324021,4
263,-18.417217725349005,30.712639560178918,2
264,0.5708149971325068,30.349763813298186,2
265,-2.7019503198217056,-44.63475577015449,9
266,31.383151652286703,6.079723350005019,3
267,-2.533875081084005,-40.014411576724484,9
268,-14.376267336024432,41.34351243433337,2
269,-43.05935876260812,8.645706961316487,8
270,-3.6265743725665582,15.788519544824288,6
271,-21.790231183140154,3.91996410712015,8
272,-24.37721859842208,2.160471163832015,8
273,-21.513743998116606,27.968453913974525,2
274,-33.55325259327992,-24.249931248530892,7
275,-7.8959053324501145,19.31711571620991,2
276,-14.152324530885377,-19.673845038986965,5
277,-3.7134670676432497,-24.135906492337757,5
278,14.487474517350732,-38.3344626855847,9
279,-30.332642066980075,-30.81075014704341,5
280,-38.025132078903624,-1.4484095222714062,8
281,-17.954764359174224,13.80080840119943,2
282,-9.812252392331306,32.76114908698885,4
283,-48.246114282128076,-2.9134033323285573,8
284,7.817593579643693,22.786511970220978,4
285,-46.94077311655535,1.476862062220289,8
286,17.829249843725286,19.03546010684965,3
287,33.77908298226128,-15.732771488788435,1
288,-22.19731240126242,34.43638100952753,2
289,-18.74333862114855,39.2492075519403,2
290,-8.43173675539857,34.7906603861004,2
291,37.47203367603116,-6.673420335052305,1
292,-42.34982818167472,-1.648962044557029,8
293,34.231623436157264,-7.944966323967383,1
294,21.40389879488733,-1.18283368244286,3
295,26.01912789766725,27.972701499712713,3
296,17.82571222978005,22.39140503034813,4
297,44.867178567538836,-2.521671677481912,1
298,-24.2190707223639,-17.7895248751382,7
299,6.710505293058895,38.43300036343591,0
300,-18.71358072587917,-40.084932033068995,5
301,-15.801434221836118,10.67289358182084,2
302,29.574246834362675,36.402393386021906,0
303,-3.94715434242946,-44.09809874375753,7
304,-23.571185476977853,20.383551221508018,6
305,-10.128314439537535,11.028414884887109,6
306,-28.45179790049107,-26.21651798975096,7
307,5.983191197456699,23.541920046998897,4
308,-28.563065688966688,-33.97981945043,7
309,-31.189966245706447,-21.59093915617907,7
310,43.37684028973714,-10.339652927499976,1
311,2.61382342094327,-5.517818697510806,6
312,-12.093452494466572,29.744010489604726,6
313,30.02860463869704,17.095475009288034,6
314,-18.690154434137032,-36.5290133511628,7
315,-47.682910348825445,2.1765036206649335,8
316,-13.15920754038448,-43.71810754838137,7
317,9.429467149204878,11.187958756075068,0
318,-0.08119325936921071,-31.960790423191327,9
319,-11.492725347369113,5.426168789948438,2
320,2.7763144742780903,6.188160539408623,0
321,-24.372517875200792,30.270208198311433,2
322,-13.601955197287937,-26.58747847670777,5
323,29.807259067056542,18.661895567762084,0
324,-34.63673122219658,1.252401244566108,8
325,-20.003037545485807,-15.681119408393823,5
326,-26.586774045877704,1.0518239033320358,8
327,-25.570716645860333,-24.474300226003603,7
328,-16.54026750497009,-36.266949871112935,7
329,-21.19120026575077,25.82414093883998,4
330,33.250004086655885,-15.735064429864822,1
331,-23.857582623056512,37.69384333322138,2
332,-3.194556954030955,-30.93994097978271,9
333,-32.993613196249726,-30.94219383350908,7
334,-6.585009320206084,0.7517188603407226,6
335,8.254204026719764,0.006924474458968398,0
336,42.66515190275278,-15.866980430100906,1
337,-6.544843367217618,29.811318404475976,6
338,25.0513944077457,-1.9574902276900914,3
339,-28.879270742470112,3.0889784793765975,8
340,-24.740156653114255,20.926295133428575,6
341,-6.785015512470885,-24.00535555073688,5
342,-18.4723841411552,-23.502433836555998,5
343,31.3193760385911,33.875763051015696,0
344,7.070697610120464,-40.68543234112402,9
345,-11.13900877229051,13.00993859294915,2
346,12.884456641852262,-37.626478873013234,9
347,-45.540562077748774,4.943610684932182,8
348,10.481585624104657,12.283179605684472,0
349,-10.735989426432191,28.21967666027758,6
350,5.859835122314498,-34.25361959273603,9
351,-11.770925343395566,29.155196476075666,6
352,-20.359236117641423,35.28137237033835,4
353,28.59601978320481,3.7178513869550067,3
354,7.052904537329187,6.806269105632895,6
355,-10.040165830623017,3.1402250763078037,6
356,25.24100043698033,37.165225676773915,6
357,-45.81222619684156,7.588127793191699,8
358,-3.5294919877600788,-22.0685100990844,5
359,18.039618311223684,-37.87440639313616,9
360,-16.598654136920306,-19.559738663538624,5
361,-15.73234968947032,15.156943155607934,1
362,-15.381306431900915,17.029941263404965,2
363,8.75193081700133,7.555303695064248,0
364,-13.712447462841821,-21.98039785883887,7
365,33.339716232376965,-10.80574965004364,1
366,-20.59620295966329,31.122298050354267,2
367,-32.80627601077509,-24.593195983594725,7
368,-14.374767567864962,-28.021188016205542,5
369,-2.1969445252511455,-18.536528020183873,9
370,16.58298345592004,7.829262986571239,6
371,-5.666967134480857,9.748586286977005,2
372,5.119530717901099,3.327533426205771,0
373,-3.721436812050615,10.377496479963884,2
374,-11.272643983359693,12.986110610375315,2
375,-7.092146231680167,7.1317267395193005,6
376,10.057988783580173,5.542241275265531,6
377,-25.180836743242093,-19.804549379051167,7
378,-18.22355259754365,22.45465482526572,2
379,17.596195987835817,-37.76740849460907,9
380,1.0903985923622996,3.9782386656658146,8
381,22.568700095003507,-4.523678507601962,3
382,12.35617754556731,-38.89673718693608,9
383,-6.766328274438433,-28.53839164890822,7
384,-0.3272386742572974,-26.506943667562393,5
385,47.518784762496274,-7.903098564246567,1
386,-16.76706131618357,38.6566450009871,4
387,-8.276294656251476,43.628055366154285,2
388,-5.0136336855455665,-40.91381141182222,9
389,0.542967220697747,-17.369107384251276,5
390,-0.44250939479034856,-21.15124786184232,5
391,31.008194342264666,15.18409041716523,0
392,18.97959142735595,11.568698068301597,3
393,5.059217029011224,22.420654263271796,4
394,-12.835648434848782,-38.68674962722278,7
395,10.710660951111114,24.129559423479467,4
396,-7.820272295678215,19.477518636287186,6
397,-12.746943243777398,29.49505675168025,4
398,2.2020610931538265,-3.5552625267560174,0
399,-16.80067805292401,-17.559749044369152,5
400,7.321325211493732,7.856555323538621,0
401,-5.135744085561599,-4.850981215868201,6
402,28.106347620175498,37.61241867818649,0
403,-9.495557669739965,36.93504805461382,2
404,20.05463523711361,6.503647860516739,3
405,-18.377736495204246,-29.542640904517633,5
406,-26.02380437916819,-23.967861428617983,7
407,19.532235806654846,30.320193960905446,0
408,1.1969217533596515,-18.588537485523826,5
409,29.151987234151495,38.32827700166584,0
410,0.8818453610057212,-35.24662095564684,9
411,26.567966593106334,36.26135725141838,0
412,8.293160801622838,-30.227154951477022,5
413,-11.73746628529904,27.93731816190021,6
414,-21.671556662893202,-19.210518253377415,7
415,-27.992179967242922,-32.0735355182274,7
416,-1.919112341719914,-27.51870006177343,5
417,-7.189534352045595,-6.417037031129484,5
418,-6.6025474990743716,14.533955656398845,4
419,4.666109523895675,25.1365643404109,4
420,7.629761902019734,4.839734016154763,0
421,-17.064862520926788,37.35321795995827,4
422,26.582623981050858,35.52049046489515,0
423,1.9015558973605038,-40.43978945056737,9
424,-41.891187434175286,-1.1409053292532434,8
425,-19.095425519476137,32.18825619532775,4
426,50.52920062750982,2.9580441803334883,1
427,-24.67059527686263,19.155225339883163,0
428,17.720152035200947,34.057105516150216,6
429,-4.325677755817527,4.337913762824474,6
430,-14.871248275278228,28.697987133191752,2
431,1.725636890270657,-38.80732248315099,9
432,-4.910091268733447,37.81319257895785,4
433,27.38705215768638,13.17976976028067,3
434,39.20604846239849,-14.78512615786136,1
435,-12.757881515424094,11.682475353876162,2
436,-20.33175868958226,-16.253228404593706,5
437,-45.19406358265683,2.5994950459033532,8
438,18.495498528467014,-4.975408538125769,3
439,-45.454899515678875,4.374257149696442,8
440,-8.203949347732195,17.07483952541267,2
441,-27.633541454211013,-23.14056464814848,7
442,48.05440495535694,3.0677549111419062,1
443,-26.9069431569693,25.4357585359325,2
444,27.34462387626579,34.261632085785045,0
445,-31.021234952116185,-28.109150736043347,7
446,-32.375337653462125,-0.729625937762035,8
447,-27.813204275215075,-25.347411217840815,7
448,-5.959810925366378,1.5696346454999344,4
449,-2.0209492485731086,-27.416616449495574,5
450,34.15165983045159,-16.56910859021547,1
451,-23.753957589024747,18.95481732759592,0
452,22.261270362879113,-5.946090828013718,3
453,11.43155410998098,9.198545014600382,0
454,-15.62927284604515,-18.68691778246188,5
455,-41.65760448291274,-3.2953119699493665,8
456,-1.508494455526215,28.907143570393792,4
457,-9.301957682850844,-41.36488506617572,9
458,1.9588310362076962,-34.414633468321675,9
459,-20.27859374690509,-31.579869512751554,5
460,-6.811063159660477,-20.840218131529223,5
461,-46.528717727388866,5.505865366416655,8
462,15.591631705927979,18.053799617190762,4
463,10.323006112691402,4.142505475461469,6
464,17.94033005919841,4.45890475441223,3
465,-7.061748296066536,18.066295215201524,2
466,-13.911202260585533,-21.779610301455374,7
467,40.506050313324195,-8.477412216098674,1
468,-20.309842689616485,-15.868518609238386,5
469,-17.291678085286488,17.13935629810457,2
470,-16.485342464043836,-31.212466737252143,5
471,0.5708975762704678,-20.180603654409165,5
472,-0.4575646496686262,-44.759936224136766,9
473,10.206365267215926,5.0643126286466185,6
474,26.832040502628026,27.744265673076693,0
475,-15.331977956549693,-36.831313268680965,7
476,28.592839728445195,29.57247747814433,6
477,-6.650174011671266,27.285783042097982,6
478,-28.461361312907073,-27.574770915497307,7
479,-13.447419352237832,14.379962356286375,6
480,-21.5604671295946,-0.6044579092045854,8
481,-5.5441578921975605,21.42483014921473,6
482,31.40340341706613,6.564089888698673,3
483,-26.30739677954297,-31.374432244891846,7
484,29.456643800604265,3.924298072641966,3
485,42.15600137909986,-13.479778533651471,1
486,-15.363014246058093,34.611033064491146,4
487,-3.92361599440399,-37.27250384030763,9
488,-27.266349189190148,-30.1648114326403,7
489,1.0405635968227798,-4.724870469025227,0
490,-37.625271603494724,3.973597427698418,8
491,-25.297481491434937,33.12071848788492,6
492,-15.73924766861999,31.616461968642987,2
493,-8.584104534692788,-6.110622061320419,8
494,-27.68787351688745,2.8031926877749185,8
495,40.02731340725406,-11.16076073526846,1
496,-28.07337610878819,-24.19587504302079,7
497,42.88647987529643,-0.41002343221262155,1
498,10.525558498179034,-35.81385048788199,9
499,29.443099363152662,4.978830143498192,3
500,-29.884157456040118,5.626522821879397,8
501,37.940694718843204,-6.5405947168558205,1
502,-11.178021963261257,42.5261673259919,2
503,-24.09486107612094,37.77175179645312,2
504,18.011623602468227,-35.32239222856628,9
505,26.545204840137416,10.927794849157447,3
506,-47.43021742520336,8.2871120437142,8
507,10.881819909343795,5.226821366715267,6
508,-17.671309428209824,27.57711788582817,6
509,10.239783780254802,22.63352695529544,4
510,-17.232779796371723,20.48781268152436,2
511,1.4981834721986653,-14.487483688857626,5
512,-26.901782485079433,-32.98430273505662,7
513,28.68719274206948,14.099403364453357,1
514,-18.787546712156903,16.908977979803453,2
515,24.196328656151582,35.32245018351802,0
516,17.339345308112303,34.192549710910505,0
517,-10.255741604752481,42.45640618925596,2
518,-0.2461752075134515,-40.60520159924713,9
519,-7.02100545348205,19.629382939518912,4
520,-0.22136059309701878,-19.348123171087813,5
521,-1.2122315139658437,-3.2115552325471186,2
522,19.42003096580136,7.50517531735742,3
523,0.6556123688144717,-1.076686302204985,8
524,-8.867637814502931,16.146200518718004,4
525,-6.524150204156379,12.27897737235503,2
526,-10.430393348935512,-22.98624227304053,5
527,-11.944436834407313,-27.64827423374981,5
528,13.237722423292805,16.127653482851212,3
529,-26.162637412209737,-32.801431880552,7
530,12.35356639496382,28.921080023073493,1
531,0.7927002875344115,-41.546617972422446,9
532,-11.927671351283635,-37.66219315637285,8
533,15.23372836343367,-33.914471302351345,9
534,-16.118674854810486,-34.738753541485735,7
535,-0.9030614919344642,10.247410891207375,0
536,-27.011681836973878,27.95530641984029,4
537,-0.029047747286142577,28.870757053881636,4
538,-9.761920585990548,7.806396622339124,6
539,35.90705430886445,-6.850844001568923,1
540,-1.0509543189749726,0.033668891724880703,6
541,-5.37404523661326,-3.083261254592421,4
542,3.0088037854652296,1.3432170287255496,4
543,26.040170437589616,-3.272594161023353,1
544,-22.027605664115285,28.353918301066205,2
545,-26.58394171911122,-18.889348379404034,7
546,24.415824577074197,6.192973736127129,3
547,-21.13174366513459,-15.026006456335638,5
548,-12.849474573527157,-43.00309514088918,9
549,-27.936501777654463,-34.86592040490371,7
550,-28.37702174499361,-27.807255849889735,7
551,45.34272856115148,-13.33213520780397,1
552,-33.50185879811078,-25.05936141353161,7
553,-27.6193376056802,26.99462772772894,2
554,-26.303712288706983,26.470268390975317,2
555,-23.026220060077108,-0.2061826692700544,8
556,-21.801060029167875,35.755240104511785,4
557,-0.2307717189850092,17.37236297791834,4
558,0.03880563604651263,33.039953229797696,2
559,-35.608788013756474,1.7468058555404047,8
560,-24.28454145729188,-0.2965006283209686,8
561,19.536350161242435,16.21567816082307,3
562,-15.0718102850841,-36.008194944618225,7
563,19.855059692429833,-0.06645937321123378,3
564,-19.972478452104603,19.183300416688404,2
565,-24.105424748870337,-25.627935816581637,7
566,-13.276019438373885,2.0571044850933644,8
567,19.13057420908804,7.807107354966888,4
568,-24.651353452140345,34.375053970379234,6
569,-6.450981221707057,0.3546369276801467,6
570,-5.006974023196913,21.03721287242792,6
571,-21.67668717616748,-29.966543422890933,5
572,3.2471067659635247,-40.92722254756133,9
573,11.866614489042272,20.489070386055293,4
574,-20.247603008165115,-21.608396693255674,5
575,-45.32359851473947,4.718247667076608,8
576,-4.284358358224282,-19.610740625670033,5
577,15.560384557043843,16.764176234005777,4
578,35.22548473145033,-6.699422916329113,1
579,37.432008372692465,-5.167132059449527,1
580,-13.210682455967618,12.584568444924397,6
581,-25.187808323890415,-34.167337976754396,7
582,-11.135864128192686,14.26458880563478,4
583,-15.237802580980839,28.11089165625235,4
584,-20.256608410905233,-13.694858935315917,5
585,9.670269181505796,8.972207965542031,0
586,-19.841417022108924,31.43117835837446,4
587,-21.96152805914419,34.16710166169724,2
588,20.10259837734621,19.75546128233949,3
589,-21.07291320837608,26.011225578917376,4
590,27.749314257865716,-0.3369270461128826,3
591,-16.366658945279443,20.13854392690685,2
592,7.073669957654399,5.213349529058532,0
593,-16.816636933259254,28.19833235022737,2
594,-20.716691495446536,-33.585159960996386,5
595,-21.018526999335688,37.170485953841556,2
596,9.839592256865917,-34.27486991951593,9
597,-32.340726096479855,-28.592321447569486,7
598,15.292185308441445,5.240561196681198,0
599,38.404946869370086,-8.226400813698888,1
600,46.320242087013064,-3.4848316514932325,1
601,16.375730838843747,22.836820180079936,3
602,-34.27358801689919,-31.07494853929337,7
603,1.4982753709574101,-18.3748411126548,5
604,3.7266516566741625,-36.794286641017585,7
605,-29.118342680650038,5.619061690016031,8
606,-22.64207823725523,-15.26196308835308,5
607,28.011018692468515,0.13051494009195103,3
608,23.979968626358865,31.09500929451012,0
609,8.747175820986056,33.131668826613065,6
610,-32.257505832165464,-25.114690023040097,7
611,17.329736104818082,-39.16471851000653,9
612,-17.516957231739354,35.56710812824812,6
613,-22.726067136355248,33.25854769112245,6
614,-2.647281431606824,-3.282963453480306,6
615,-40.01872755713619,-1.1604996941103318,8
616,8.73613643687388,5.440146426658999,0
617,44.17958202356684,-14.220339110734121,1
618,-44.461157876489786,4.005821853926261,8
619,18.624166580941885,-36.3680380605193,9
620,32.76342917908719,-11.12749695995952,1
621,-29.638528770106642,-25.029293170076315,7
622,10.387145994983161,-5.7737512186947715,8
623,-32.79835583769166,-33.491164632346106,7
624,6.227678656639016,-37.29517971384983,9
625,16.127541797349014,-3.464699795846618,3
626,42.35689525492122,-15.24730899866413,1
627,-29.30817182847267,5.393205251340918,8
628,12.126790873560704,-0.2020762009629748,3
629,19.060869839362628,-34.706854462841264,5
630,-9.021795414576617,28.544902819016773,4
631,-33.79851410712395,-27.120415099636812,7
632,3.84202032563332,-37.24256706661152,9
633,19.09962978060733,24.269388873783384,3
634,-32.09568072591757,-25.303608362891424,7
635,-2.875504556565274,-44.629400141573214,9
636,-18.37576897330238,-29.50843327605961,5
637,44.556141961881664,-2.3739933493431518,1
638,19.090247604733737,23.2207501609241,3
639,-48.35364921628647,1.1485175292399705,8
640,-3.179226671220975,-4.699685330278807,6
641,3.354206516606068,-43.43177958537517,9
642,-14.319280804536037,23.461116352282932,6
643,-4.489510863435283,1.9405123421259605,2
644,-13.29665890817067,3.390427761416683,6
645,-17.73768365918718,-17.205152246151616,5
646,-4.872732608721522,20.885576205472816,6
647,10.81912171913857,8.548724081155353,6
648,0.8250525691997117,-14.198052459491992,5
649,46.50908380279902,-14.291932899651323,1
650,9.795677774297047,-1.330720149626372,3
651,2.5293293448052405,-41.66958645400588,9
652,-12.537217723662723,-43.16626687679692,7
653,25.30297943162991,3.267249680526748,3
654,-4.065695463262655,-41.05812905389214,9
655,-8.302993145435902,-39.071894784641515,7
656,1.732070940516571,19.953635821639633,4
657,2.432924455208928,1.3188040842311683,6
658,-2.7520758380593073,35.719036076508864,2
659,26.374082828389557,10.433619794031204,3
660,-7.075686091062166,-29.02631190712371,9
661,-13.619926091906018,13.468038039422556,4
662,50.51664361992819,2.1029294370555967,1
663,41.85794368374227,-3.8249690721914686,1
664,-42.56604901604668,1.5973451474824762,8
665,-28.457965992083597,-31.327548887682767,7
666,-25.21718633417823,-18.669891518441514,7
667,1.1828326778108214,-26.694173004500602,5
668,-17.351400514730013,-1.9766321248133778,8
669,-30.020843429141895,1.361384130582541,8
670,-19.305969370480316,35.31303312620965,4
671,1.2679251431851413,-7.974856533973816,5
672,-21.74306644664527,-1.301484487796137,8
673,32.10269107603498,-13.246355023869468,1
674,-16.38316553289029,20.246898920512212,4
675,-4.636223614926927,-3.5499867353111654,6
676,-6.790487912342955,6.685004623520764,6
677,-22.50880533405819,-27.454232699938057,7
678,20.59887933038316,20.912135868407415,3
679,-12.0601708098908,-20.705968154616837,7
680,-9.358319881192456,26.184644715748863,6
681,-25.582147806656558,-36.905888207521166,5
682,-17.23290806558439,-19.03721283132844,7
683,34.67718140498969,-14.787197909043112,1
684,25.026484566095952,12.298072855207486,3
685,-45.625138125066805,1.5553876240983764,8
686,31.63453276123165,5.31966532743578,3
687,26.341167241296862,37.77792805681592,0
688,14.072335170627156,23.77469234562649,3
689,-23.337780240981424,0.43684047321416614,8
690,-22.13994652823258,35.46142385092709,4
691,3.7302716018074245,-1.830704343302905,0
692,41.104267192562276,-4.364674748530085,1
693,1.0759187565296342,0.2322040042327125,8
694,8.060390557358195,5.138179556514668,0
695,-34.411394160187236,-27.805725133939198,7
696,-3.589006420518846,-1.2861469347064218,2
697,-26.72733651486404,-36.34254057094957,5
698,30.952629588433833,16.936683272563517,0
699,11.057009719937275,-39.326923667006575,9
700,46.60401931971842,-14.379973872288465,1
701,37.78435616545663,-10.84408859378079,1
702,13.470278092371249,-1.9919940086065886,3
703,-25.722497971444184,26.14521148057527,4
704,-20.611607797294734,-28.109254789322108,7
705,0.0738831548944253,5.942622784528207,3
706,-7.4441909869726555,18.645839406476288,4
707,-29.778248474234626,-32.22669464918739,7
708,-25.838940357177652,1.996690456337204,8
709,-4.735518669413479,-42.53185460335887,9
710,4.533846072659197,-0.9324372683682055,0
711,48.63408665947623,-0.36066088955210607,1
712,27.063408059548173,-0.8807081360006809,3
713,-3.6080843432244567,-25.747202575062403,5
714,6.732560738012734,-37.088083697432964,9
715,-5.805857693490412,27.439839745374016,6
716,21.828892709955756,0.6727023253028562,3
717,-5.172934366971131,-37.858537604534,9
718,-13.972176619196025,-43.31176818480978,7
719,43.97605629078639,-1.4139559833862065,1
720,-19.543645004161732,33.396027416918635,2
721,9.795882612284252,-35.26022849324049,9
722,7.099376255201617,8.144673039555826,0
723,47.126697751779815,0.3417586052145171,1
724,-26.822463429723562,-18.986175679037185,7
725,8.160570527943818,6.003491866527696,0
726,19.64618730530106,31.893798041079883,0
727,0.8945753405820139,-18.225141834444695,5
728,37.82985551727536,-6.726140082047354,1
729,5.849234856203903,-36.694864222512905,9
730,-30.092515124049076,1.4046339683379259,8
731,-31.2615246565415,-31.839137637312998,7
732,20.379364536950835,3.904019388208048,3
733,-1.2459022305560692,-43.26089251197497,9
734,51.13968921673062,-1.536331306785529,1
735,9.749432959890052,8.883156117969536,0
736,29.007911699036878,2.129640656192678,3
737,-41.559341564357894,1.7909681592884739,8
738,7.178943483713072,-36.66530313988517,9
739,-16.83595563965233,34.300946536895054,4
740,-5.122382025249059,-39.025539562750815,9
741,23.95288059300436,-5.147700271670759,3
742,19.034779045194814,-30.504194810746167,9
743,25.446077175876287,0.9403266975645475,3
744,-44.37682181238796,-0.44080709555498954,6
745,-46.919234745002086,1.1876630133775883,8
746,26.718681541944672,33.007491997988204,0
747,1.3984932977208266,-3.9138253486050965,0
748,-48.16215623146579,-6.1576865730241055,8
749,2.270800115114652,-39.30211343183978,9
750,-34.702170930638566,-28.80178991771111,7
751,-4.497127088457991,-38.85469813187295,9
752,3.354460814440104,-1.6834588555663121,0
753,0.35797147718228245,-17.467940980683515,5
754,9.844320082887501,-42.025921622223116,9
755,33.19932349498808,19.163586822229455,2
756,-7.588907726165903,10.209193778975127,2
757,-32.70237436767251,-21.462511495039678,7
758,-32.491270735857285,-26.000845486894068,7
759,18.117818475309306,20.9594334291487,3
760,48.195725947522114,-10.937471818709213,1
761,18.91603869355135,-33.48033305995068,9
762,-49.26744473442918,1.7573713564602622,8
763,30.08915496036777,9.334868334442497,3
764,-12.991953247078479,15.734422867545689,4
765,-41.675288830811006,-0.24416129879436319,8
766,-13.798331083869938,-42.87459476143903,9
767,44.293760097639506,-12.89381261129939,1
768,-27.32005374406346,-0.3115484429640458,8
769,-21.09291944734595,4.167226911193675,8
770,28.491472361181295,27.634766179488203,0
771,-7.776289953441172,-3.4638979727344896,6
772,-13.034312525140903,-36.9817362562526,7
773,42.290435644046184,2.0717045254317368,1
774,-13.803604057647295,43.25750920658481,4
775,14.748639722052163,-3.910481401299257,3
776,28.467380985076403,3.711807122671355,3
777,-27.879175663288173,25.52123185780151,2
778,49.58991438640754,3.234654386321392,1
779,-4.382295639117747,31.02424555015878,4
780,-17.8510520877285,-23.05007852941864,5
781,11.782161250749422,5.858991516902856,0
782,-31.469516882967053,-23.34884499971962,7
783,-35.52210935330935,1.6908426558300054,8
784,-31.218550421078305,-0.45515098620754196,8
785,-45.62774523354363,3.5030117374011636,8
786,7.508832633984117,16.488527658762656,6
787,12.09219470986472,8.558705137499082,0
788,-24.709529687484395,33.559150622977185,2
789,-32.73306289805445,-26.048114033604403,7
790,-46.460917173295755,2.8273844730160533,8
791,34.327491984140266,-15.653690455829157,1
792,0.5107396886708461,-39.7538675833102,9
793,29.30094449256965,6.749430696557895,3
794,-1.5231381276184501,-21.444829918396128,5
795,-23.80862815345993,33.725469961889694,2
796,-8.742047429018363,9.941740340161292,4
797,-33.38486440214018,4.394581339282143,8
798,29.19976142807425,10.24346231614598,3
799,49.772539103194596,0.6071255275057426,1
800,31.822038176746897,-12.791578951047741,1
801,-24.608859950600312,21.206884818976253,6
802,44.841856624282784,-11.080190952629554,1
803,-3.172067881193035,37.32727118738936,4
804,12.693588615838241,15.36185258652994,3
805,-9.009867986729741,-41.04467418594183,9
806,-3.758626799206203,-30.853903910268496,9
807,46.412803093428145,6.475808188867496,1
808,34.98524587620585,-15.630959522722554,1
809,-2.672539751561025,-20.264996778381153,5
810,1.3058423467087565,-33.56563591285894,9
811,-2.4047337195104714,30.203223444677914,4
812,-22.04847238360297,-15.322756153286763,5
813,4.176174057862086,-40.6086293197949,9
814,1.9664946245440431,-16.200782457657073,5
815,-16.155736480181325,-17.512471328192042,5
816,-43.88096655963146,6.455102949596342,8
817,6.486413290491897,10.303349369536704,0
818,30.450002904764343,0.026681557713297208,3
819,17.689693525380125,29.97411834568209,6
820,46.17875104858912,3.0282188423492014,1
821,-30.244762573581163,-21.708001335037647,7
822,9.979892354396812,-41.70292075993547,9
823,15.459073433301231,2.2266842079861373,3
824,-12.470676885505522,-20.698302795479183,5
825,-5.7639327195012795,38.658437133460744,2
826,-12.085206015469206,28.68179412281944,6
827,0.4468463733276624,-17.2122021341101,5
828,-18.033246129604233,13.823380517419043,6
829,6.165009704711965,-38.044285004014796,9
830,-26.42223795990573,7.225814901981609,8
831,-13.506236484705838,-21.306895598462347,5
832,-15.207079824660715,-39.15135853544409,9
833,-22.209278106530157,19.616826431357012,2
834,-11.41707633245128,-41.27700845095025,9
835,11.454015873848235,-0.7288560405395529,3
836,-43.48915615128536,6.949715419252378,8
837,-28.973030103378736,-31.801820174872386,7
838,-6.836421407910988,0.8150710141601943,6
839,-23.020101803498576,-14.735302428185726,5
840,38.91515000264778,-11.781429762213328,1
841,-28.266984227631905,-23.480096039848462,7
842,-0.9349656238230102,-6.993461724213168,0
843,-32.71115337634584,3.2502391891147586,8
844,-42.01710390888663,-4.264893974854087,8
845,-2.3934487307734664,-42.07681813909269,9
846,-11.60419662709986,-38.69600946199867,9
847,28.721669539294084,27.830114467890375,6
848,-1.9455959131819358,6.735376284055366,2
849,10.368786455710291,-5.773931260623606,8
850,-4.1758392956733275,-44.97275123496525,9
851,-22.794967153374547,-30.172498723789513,7
852,10.87556759522382,32.839566329644306,3
853,8.831413711171425,4.8960257483267435,0
854,-17.394886253964113,34.951203588608706,4
855,-16.839300724769746,-27.296529703133558,5
856,21.846021467887443,35.237619762665645,0
857,25.619785043020297,27.895072393933596,0
858,-47.43150247194313,9.2023210218436,6
859,-30.244800280869608,5.559867778497727,8
860,17.463026043791867,-31.52296157921329,9
861,-19.857807563828917,23.50224723662051,2
862,-20.385083158373476,38.55135291208943,2
863,-38.161433685979475,-1.3811389144036474,8
864,-20.467122097670796,17.496727147930365,2
865,-13.497538374813036,27.75661972638412,4
866,-1.902411081544832,-4.095853756263396,6
867,-0.8388817006928097,-25.22477325636713,9
868,-8.748172479268955,25.65009250348567,2
869,4.3956401455108045,-35.71509340516825,9
870,-17.375770634811815,-42.895154292849114,5
871,1.2927983281045186,-13.911357483178355,5
872,20.080939348581712,-36.29491506814485,9
873,2.3353679213441123,-34.71326653553998,9
874,-13.130360360671407,12.762486356255314,2
875,-16.49590708448407,-30.505927708439696,7
876,-3.353768752935827,38.06546496086468,4
877,-34.080405121307365,-26.82568790072442,7
878,-46.24827545180144,6.113078397346893,8
879,30.027199847044052,18.398242762823195,3
880,30.275230380766946,17.943024908386107,6
881,40.6529086905261,-9.392466457615607,1
882,-6.121401739112152,-1.6066400008817512,8
883,31.321762893611183,8.013948141310244,3
884,29.120080607721846,39.327902155141985,0
885,21.82871677386652,33.35306503638704,0
886,7.8323816715579015,3.129881079803204,0
887,-13.375675890288951,41.51161746034703,2
888,7.655828329638545,-36.075674526595215,9
889,-34.37422769488388,-28.509679947126553,7
890,20.071766991231904,14.781281518656254,3
891,20.787650043972956,31.814321938454214,0
892,36.48380327144661,-10.332120425319003,1
893,-28.56314232645648,-26.262622090127664,7
894,33.88975936424072,-15.099306856546601,1
895,18.18677181710083,-36.26578357236586,9
896,-46.73629493172595,-0.8576025353964374,8
897,18.723273554787898,-31.36701666774399,9
898,12.867372869485878,19.701883344319477,4
899,2.345543187957031,27.81166819054111,6
900,18.94846773552845,22.726082388883697,3
901,34.199050604541696,19.6205575369367,6
902,17.6938891939831,0.24724875018028677,3
903,-14.360223084092318,41.31630263056716,4
904,-15.618173279317288,-24.737289175531377,5
905,3.1374011933976633,-15.372383376226434,5
906,9.60452224402865,30.55867425892946,0
907,11.08120852421353,6.827037902699611,6
908,-6.092352526430753,1.4355574409324692,6
909,-4.244741908960618,17.65164441144899,6
910,-2.3495703972271462,-44.65310367408287,9
911,44.017656492343946,0.5219210838483712,1
912,7.788606922265293,12.849953819828224,0
913,30.43990644858965,27.665343468492324,0
914,43.09245633143095,-12.148284316414374,1
915,15.525434896414135,0.26667558373077266,0
916,32.386913078966565,11.149182407441065,3
917,-27.123812970162195,-22.338314165675822,5
918,14.622255154457525,22.06750911840101,3
919,-27.049816818389342,-28.247595653531125,7
920,-0.8788905228734136,10.185563101150441,6
921,-27.316848208423295,24.281833294912065,2
922,-12.354428705587512,42.2035921739347,2
923,-22.035380512066563,3.427216640525249,8
924,1.046079337464838,4.359745579704799,8
925,19.623206560074898,-0.0593682356087114,6
926,-23.4974889720734,32.73771379235775,2
927,-15.292704520788323,-17.84308370756293,5
928,-10.54431442911079,20.015465624880747,2
929,-48.262221912681355,3.4720285057055533,8
930,-36.493195134389886,0.30992736932876563,8
931,22.525624175747446,-1.2472401437233163,3
932,-19.218187288053564,12.462262249700427,2
933,-10.001507793477113,6.910145443144574,6
934,-49.84983548114784,-1.632898139006266,8
935,27.519190890052265,18.614916708956887,6
936,11.672355171511212,6.872187921642804,3
937,-12.786917198001738,22.605855943391155,6
938,45.51829082915326,-5.285110614504497,1
939,-4.425384226434508,19.228199572289356,2
940,37.87375909598292,-8.497170444510353,1
941,25.113234424007135,0.5325558073811335,3
942,-26.064457182013324,20.902155590888622,6
943,-18.2348087492802,-21.42621217324473,5
944,-0.05629724997023633,28.450014973217314,2
945,-0.05886262390514029,-9.205831032993565,5
946,26.190090681405323,29.829455732871335,0
947,-4.281761049122002,5.327145733829297,4
948,28.179505586922197,33.574049499971075,0
949,-15.998845857489496,19.761691166408276,2
950,9.901297883451374,-35.078691671832736,9
951,26.57494615541721,35.04565620550238,0
952,-5.066465128574502,-32.733863541343005,5
953,25.86885393687876,30.03778445877573,0
954,0.9150461947841103,-4.692106474130788,0
955,-14.177509592635092,19.54229191171074,2
956,48.20559339499224,-10.719928387563021,1
957,-48.24599882524613,3.691987228014466,8
958,-16.063304943174142,-22.924518874371163,5
959,13.691822341139522,3.5746178902006616,0
960,-20.812163497539583,32.521646055749166,2
961,-5.704461001315381,24.914717950876685,6
962,19.377161880001673,18.020361034463505,3
963,19.50231707181295,7.386420388132144,3
964,-24.521294934205603,21.33601405324258,6
965,28.469196939199573,11.591143885512448,3
966,3.068724015870286,-6.831404708741097,3
967,-17.820984633003143,29.073099433615955,2
968,-3.4349787880094587,-1.8437005769442663,6
969,-4.523683290998849,-37.77536715490761,9
970,4.980031192885356,8.34720395906648,0
971,17.430234916350926,0.002286267068340723,3
972,7.491770571441225,27.385877060927577,4
973,-25.209106774656153,-30.92988319733108,7
974,-6.423359589863666,12.077603792653266,6
975,-34.63125561943903,-27.049600966185817,7
976,13.475268592729751,-0.02009565275523804,1
977,7.873401011503194,24.365154174389602,4
978,-27.520239915846002,-27.859948761494703,7
979,-9.645347949121179,43.563391559633054,2
980,24.196323405737154,4.57827996578387,3
981,3.7071194935482312,-35.60578727404717,9
982,46.93547259039278,-4.17782582487919,1
983,30.712062752752793,4.221926139628746,3
984,-47.66960303617425,0.9202063746697074,8
985,-43.85460955266373,-2.7819310323068835,8
986,-16.301248027602693,30.191107973570443,4
987,-3.379891448494712,15.867655899055606,3
988,-7.533173707047318,2.996770580839302,6
989,14.02850509028223,-38.963747101911544,9
990,24.324633503030658,34.68074796906427,0
991,-11.349290162891677,-43.114592134018075,9
992,-7.615741760989592,7.000499305074904,6
993,26.87597602561762,38.02524621693073,0
994,-8.491407747519393,11.238449834258699,2
995,19.76988746412753,-36.02128650873191,9
996,-12.565336315834696,31.78790239003983,2
997,-8.888906102480062,-35.94862071340981,7
998,-18.880795404968055,35.32805765545777,4
999,-17.367257595096252,-22.205262345263815,5
1000,-5.493657402235768,32.735520429235585,2
1001,-9.178307052966527,10.152508390382337,2
1002,-3.184322088912196,38.33911001752398,4
1003,-9.584219714011256,-28.54883503192302,5
1004,-13.253737620966813,10.248346183488136,2
1005,-7.2093006596749545,39.18747085435537,4
1006,3.0950838988258407,33.25023193943377,8
1007,-15.463930387249864,-26.171683908712726,5
1008,44.33083798262575,-12.4169660717823,1
1009,26.910223081697843,11.150060286998285,3
1010,-33.155905004285124,2.1350890350860006,8
1011,-22.046548511891455,28.904825231345956,0
1012,40.8302199999461,-15.118796646797463,1
1013,-26.54201663672374,7.341659282587478,8
1014,-3.6473719401706046,3.5145113157218097,4
1015,-12.858206579912256,29.111440711959233,2
1016,-46.382520113837444,4.276048558899876,8
1017,-28.518569555083428,-24.502947958248466,7
1018,2.505065224048897,-34.29847206922043,9
1019,8.105694762315867,9.060552021604783,0
1020,-26.374338877918586,1.3117002043443164,8
1021,-13.803043740910919,-23.43472460198423,5
1022,-0.9967703313626292,-42.42798465127579,9
1023,-16.510633751495696,34.667367949234325,4
1024,49.58677005369029,-0.9535751517413034,1
1025,-25.2475114937449,21.13467035110576,6
1026,-30.149430766451673,24.11069882337693,8
1027,-15.653070246133357,-24.903841723424403,5
1028,-13.974666603818486,19.426248450645407,2
1029,-21.336678480301742,-18.49918394284427,7
1030,1.0739385507100456,-22.299061163677006,5
1031,43.729779619097386,-13.078896919878956,1
1032,-41.986801734718796,0.2417876961556448,8
1033,15.534391886791783,25.29164628577447,3
1034,-20.963507389729667,-13.305052153926038,5
1035,15.687455725758799,16.57786415175252,4
1036,-12.984296091532931,9.133937908801416,2
1037,-21.320747968764017,-17.86591632823349,7
1038,9.940687102783732,25.27681234848315,4
1039,15.079172612934572,-32.134150983190345,9
1040,-13.60875413554244,5.624971121246131,2
1041,-17.935423562035126,35.86055873814816,4
1042,8.23924360194599,-30.294221777986788,5
1043,-30.403014909202277,-29.413533931394976,7
1044,-14.580547422285951,-24.007947005550637,5
1045,-3.500375796119483,-38.52237055577262,9
1046,-29.306894411093367,1.5601884178247132,8
1047,25.081566869290945,29.48044043662364,0
1048,-23.327465495148548,35.4692143445791,6
1049,-16.71253805867759,18.653755926222733,2
1050,7.514894052848686,26.237991688587062,4
1051,-18.51856388973527,35.416136573935525,4
1052,-19.400113718271477,-36.62550001258347,7
1053,-13.66583523767762,33.70833907965776,4
1054,28.490170038242358,2.9966076885332105,3
1055,-10.02744793427332,18.753482906469753,2
1056,20.23093779927898,32.80543797181717,6
1057,-23.850827715400488,1.6416716175866688,8
1058,-18.398761286152222,-1.6403556374799886,8
1059,-26.586270173241623,3.1354896958874137,8
1060,-2.099814046211844,-45.01051181530661,9
1061,-33.41275177067632,-27.475330992920373,7
1062,10.430819510036066,-5.75328128531623,8
1063,21.156306530202222,35.222964058534444,0
1064,-23.672507030562304,-31.957111943838058,7
1065,10.93126057617252,5.491090021611514,6
1066,-24.18925669467263,-21.094565394799744,5
1067,25.280713415004662,0.195811516564404,3
1068,18.88068052589627,20.749624337084764,3
1069,-16.29963831724008,22.874856403491506,6
1070,-15.604001921713046,-33.24625888210417,5
1071,14.438752572026706,6.082933758085034,0
1072,29.646853267316796,0.45996601899797146,3
1073,28.749770695283267,3.7690447351375616,3
1074,4.457890560221253,-42.83871962479496,9
1075,-3.43471168174603,-22.1953379813654,5
1076,39.14357330340334,-13.743608687313507,1
1077,19.09528992612702,19.849033710504795,3
1078,-3.9714728086581284,-3.604910181560803,6
1079,-20.610041837368644,-25.29524041509268,7
1080,-13.451526724112858,-38.07101035094781,7
1081,4.129188412669298,-29.911797151610966,9
1082,-43.0928009766071,-1.5541861167888014,8
1083,38.708306954819044,-5.021492469829167,1
1084,33.74555739524971,-14.722371042086372,1
1085,-22.810997946430355,-18.201270824246624,7
1086,-33.396983803594004,-29.766921894517047,7
1087,-46.90479866952046,4.862879703678895,8
1088,-30.86018860740878,-29.064561382563472,7
1089,-20.025672343014985,-32.86716355116121,5
1090,20.29346614934739,-34.12063066806237,9
1091,-21.919450559345343,25.913065625226018,4
1092,41.452320503704705,-3.840033287136767,1
1093,-17.503185692701656,-36.80445796113784,7
1094,28.914421071353726,4.813276119423182,3
1095,0.7234503813535939,-15.542293778271501,5
1096,-14.095344430443102,-39.92700102744805,7
1097,26.272644075995114,40.373923710234564,6
1098,11.680251239976805,17.756197517399496,6
1099,-15.4161904023571,22.16092514236989,4
1100,0.6744244813867281,29.494330320106044,4
1101,5.811306431684364,13.874006538073509,6
1102,-14.963631493543351,-21.400223400543336,7
1103,-45.68238568786796,6.150203726039694,8
1104,38.50397107681802,-5.352117302691504,1
1105,-23.201431693939657,-38.062628413882294,7
1106,7.819476697151883,3.2282005591527616,0
1107,3.3301516357010623,8.771194204311081,0
1108,32.997295482975446,-14.142248571061943,1
1109,7.428570050750024,2.6779926865596364,0
1110,-9.162621233489007,-37.03155576583616,9
1111,4.114742523831148,-7.097603104793621,3
1112,10.80047680509514,-35.13514269074266,9
1113,6.733945294183587,1.8320722233591877,6
1114,-22.60381875403888,33.152094653643246,6
1115,41.73946468057597,-8.148404741920011,1
1116,-48.549323897934094,-1.4713719423245724,8
1117,31.61584863727262,-13.860820326808174,1
1118,-15.891718163717616,28.67332429591969,6
1119,-25.34391354816148,-33.60912023446855,7
1120,-8.642877088685374,43.18119258905763,2
1121,6.487515621798895,4.5847498378801,6
1122,-18.5559434126023,13.100644756487076,6
1123,-7.7591687623660155,35.103549697336,4
1124,-19.368947327411483,-25.286837402548343,5
1125,11.46693215175412,-34.774087772888436,9
1126,-29.717972492082655,8.452830243419882,8
1127,50.17123934983397,-0.6530253007343892,1
1128,-3.820959028448406,27.573173738796374,2
1129,11.680570619998324,21.089439595970987,4
1130,-26.199630213809897,21.133555225739975,6
1131,29.577967108801662,39.609876064007565,6
1132,-25.682051423896393,21.38094759516716,2
1133,-0.19522267896800252,-17.794530143185465,5
1134,45.31746060028435,-9.640023532529531,1
1135,-30.476445138174775,-23.491956174235334,7
1136,19.930489827604518,-4.264838677883049,3
1137,24.10387350586287,10.83011839228369,3
1138,25.639748922902207,36.81673005003721,0
1139,-1.349185977315872,-31.375852276061796,9
1140,-1.4681330590221024,-3.3605163804345843,6
1141,6.56398625373227,-38.588275659021015,9
1142,-2.621772728809839,-27.501413373431742,5
1143,43.051987908670924,-9.069077002154186,1
1144,-24.026684259795104,-20.34885347101725,5
1145,-30.826571441100125,-21.007555288273885,7
1146,22.572899082884312,30.699044621106477,0
1147,-18.801704798924035,-42.639014068252195,7
1148,-2.596527153230231,-3.792149848277814,6
1149,-19.571775853007885,1.5555945599325036,8
1150,1.0710989288322452,33.61435446546944,2
1151,15.351104445409153,-31.74151266656622,9
1152,-7.768788699412428,6.6408575687387374,6
1153,24.906288967560645,-1.0040813056962832,3
1154,12.783810655375689,-34.24048748351175,9
1155,29.1542244912887,2.534740106490735,3
1156,18.926786532210038,-1.3205910848826188,3
1157,8.150707261094817,2.136864324137785,0
1158,-26.2423515954108,0.20167050337476736,8
1159,4.2877036034176115,37.31373838786578,4
1160,24.69767493716394,25.85938143171476,0
1161,11.489181327115537,8.931863948213367,0
1162,-5.748380617618,-37.7477477047739,9
1163,-2.0251501165560173,-4.249501894383275,2
1164,-34.33074090531998,-26.15978631841022,7
1165,1.888953634814629,-1.88212131040557,1
1166,-18.256134031206482,-16.80852129212958,5
1167,-28.520346327505365,-30.581302424049188,7
1168,0.9883879619002099,0.22851267080675072,8
1169,-2.5438209385037016,30.514499385850026,2
1170,30.052294452717824,20.71959474188627,3
1171,-28.332652398778496,3.999348268584271,8
1172,11.923347799859107,-32.21103272382262,9
1173,1.7668960081638663,-16.633547491109663,5
1174,-22.434356829085047,-35.89452378091392,7
1175,-17.176352363529134,37.86517758413168,4
1176,30.66002539661686,18.643696547425684,1
1177,-19.753985858587782,13.79056067278801,0
1178,-1.909419139267832,-5.227616870721984,1
1179,-29.05030962694729,-19.509339668634865,7
1180,26.347689394747803,-3.449484053111169,3
1181,-5.595633703884887,-0.7803303719748355,6
1182,9.869190568276721,5.142400549198224,0
1183,-23.09905915341673,23.042042493424727,8
1184,-12.994396435010518,38.91208689682964,2
1185,-31.732378613423478,-19.02347110720788,7
1186,-2.810735159711613,-31.2001811219847,5
1187,-19.456402930549288,-14.877514584617092,5
1188,-18.82128932242494,20.24676917830766,2
1189,28.842334360190616,-2.7846712280352124,3
1190,-7.102532835416006,37.00984098483522,4
1191,17.79639320546283,14.941681978731962,3
1192,19.27022705742698,-37.91857645875575,5
1193,-4.784011910420949,-40.900046576776056,9
1194,27.475998452345898,30.036401605960133,0
1195,-30.401771010703467,-25.146726743595224,5
1196,-13.631071780377198,-45.59635570025642,7
1197,36.89600632820451,-6.158546468420711,1
1198,21.671373656872593,22.713848769604756,3
1199,-3.3350137603969436,-38.41506442565543,9
1200,2.3915924475089247,-23.05071907308261,5
1201,-4.054843543535683,-26.054783609473617,5
1202,-31.95365242530207,-26.462908059039837,7
1203,0.5702672609262511,23.496599938258512,4
1204,-3.872181161162436,20.267629457710616,6
1205,6.103027352302981,-35.08046710045453,9
1206,28.571985829998464,27.622816778219487,0
1207,-47.87764924569057,-1.2603380450368329,8
1208,21.986284751629128,28.905402666864823,6
1209,28.781311685570373,5.830387166622353,3
1210,-31.842697891607603,7.54420981599489,8
1211,1.5715073068646805,-34.8469274593406,7
1212,26.563360444250137,35.41583852986517,0
1213,-12.069020420467943,25.39016141792551,0
1214,38.65719004198373,-5.857263808481566,1
1215,-34.961212868140784,-0.3176986872467973,8
1216,15.48950194936546,16.75819081523188,3
1217,-28.38568426109672,-23.80625912395981,7
1218,-29.1209365409039,23.404920542804565,8
1219,-17.263988970847105,21.222514788986373,2
1220,-14.254032274551836,35.832979644621304,4
1221,-44.5469530906344,3.537575705017375,8
1222,-22.60084987504335,30.839642425799735,6
1223,-21.890142623084074,-1.1724845671424373,8
1224,-12.742695128495509,-39.06669825263069,7
1225,-3.9322752815522737,-30.460934433774526,5
1226,-30.647035042520784,-29.242201418226543,7
1227,-17.820336201508233,-21.015198221703226,5
1228,-47.56702765854878,-1.317617019150629,6
1229,-12.427616616014005,-26.280585601931286,5
1230,-10.630101786966701,16.533400131752764,4
1231,1.8131346154064798,23.620163726443504,4
1232,47.41063798276556,4.496368769651137,1
1233,-23.165521449257103,-36.74603668402088,7
1234,-5.639405120209438,37.36985737349216,4
1235,16.157605885732607,-36.43096975126446,9
1236,47.743262251776365,-10.142226256442624,1
1237,42.79831216242027,-11.88462204573971,1
1238,22.953842286593495,-2.5288326429649355,3
1239,13.071546115305155,1.4553483721375557,8
1240,39.2744154076846,-11.937901647746987,1
1241,4.564819579240316,-35.909578907815764,9
1242,-32.642844829845444,-22.831215080097117,7
1243,-16.438573933321003,-17.240073528102307,5
1244,-25.741803657097034,-37.860880624140265,7
1245,-29.115328518754758,2.986395929426685,8
1246,-44.40775717585933,-2.315404097781912,8
1247,-2.796045014862074,-41.82068869963022,9
1248,34.538006062203586,18.74349216732009,6
1249,-9.353460183001232,-28.57422268536357,5
1250,-3.056733560939109,27.64364807030396,2
1251,0.7081123856397871,27.35284093141563,1
1252,6.898456731294588,24.557311968963948,4
1253,-15.748593847585399,-24.073978765510557,5
1254,-49.018022768140156,-2.812086989349094,8
1255,-8.33292426911188,4.431101398974531,6
1256,10.419084034865298,22.313676925458317,4
1257,1.942308220560193,-41.1840114413943,9
1258,15.359735071631794,-0.8140078399909286,0
1259,-4.79473348485059,-38.01188338985664,9
1260,-4.914333659746441,39.83310165045625,4
1261,-24.265737658791824,-22.93172354330793,5
1262,-3.072207868530905,-3.7576071726414426,6
1263,2.209954191400581,-14.514173722736595,5
1264,-11.438810889288437,30.61359067802563,4
1265,27.986112747779103,18.404782039550973,6
1266,-10.431594969793434,-23.16673621832364,5
1267,2.78804439307259,-13.696129762574484,5
1268,-8.38660078097144,-42.36219361423635,7
1269,-19.75770032670586,-17.001181727551813,5
1270,5.5297728108491775,30.16272770478721,6
1271,2.2904295935817243,-26.91571286350394,5
1272,9.427809380452148,10.603844559558878,0
1273,-9.957656496904093,-31.305854883985372,5
1274,37.519494714659395,-10.144907614478543,1
1275,-47.87104810445063,0.001455229518975338,8
1276,17.909487742362383,-38.67882665359365,9
1277,-28.08671600932877,18.492412458609383,6
1278,22.97160468257879,1.0053945976291156,3
1279,-11.392347007042433,-42.41726971803408,9
1280,-12.99093210193543,35.24583815904977,6
1281,27.21889024324078,34.73254057145764,0
1282,9.390831568847974,-37.15300455307628,5
1283,32.39925519008662,23.38467230752417,6
1284,13.183615929525937,17.479012422568495,4
1285,-14.889027013711821,-34.24001495434718,9
1286,30.779958454692206,4.569142681443621,3
1287,-12.643516689312147,8.427340737586464,2
1288,33.55045648084735,-16.79141946559759,1
1289,6.99947387375493,-39.23553610177084,9
1290,-17.74676309738702,-41.21513248958906,7
1291,-29.38888155002934,-24.251943232329573,7
1292,-16.174792405273532,13.16695189522666,2
1293,-13.523784045354944,-37.643551321642775,7
1294,18.647102176664205,30.619281735337715,0
1295,38.50951565579722,-10.733668179541848,1
1296,25.11445261888364,6.103645475416123,3
1297,-24.783942887897407,-19.265206695009304,7
1298,-10.262365575721311,-28.162570970266426,7
1299,43.49439009588457,-2.357808209363246,1
1300,-27.2610422019816,20.972031670447652,0
1301,-18.272080748636817,15.28056520397926,4
1302,-18.636791103306823,30.66077532184477,6
1303,11.599088499748131,21.12845043688163,4
1304,0.8109948022724993,-11.378660883134492,5
1305,15.868784758010664,-39.68415123156035,5
1306,-14.579333993685564,29.573341826469232,4
1307,-14.113700111765741,8.096222743977442,2
1308,-3.0370156988779002,-15.810020468163026,9
1309,-16.85031061631624,18.80128130468963,2
1310,-19.495066927035946,1.4609550773695397,8
1311,-34.992511916423126,1.5397742516953425,8
1312,5.79472142878241,19.74661624414148,4
1313,-7.540077616567593,32.97604902176734,6
1314,28.686152604421075,13.98210116387298,0
1315,-1.6401156531631509,5.716712968055549,4
1316,26.979023795787256,28.028734790330006,6
1317,-7.802069803046648,12.851254275227545,2
1318,16.117361463563107,-35.889927885857695,9
1319,9.77778671892059,-26.399606560261375,5
1320,-28.748170291482428,-26.900559994669777,7
1321,-11.637970061913173,41.47709206745278,2
1322,-11.529557235386829,-36.81934385454806,5
1323,-26.268366804383522,26.649362283311067,1
1324,-46.48461046576798,-1.7415872062169522,6
1325,-7.438908293829144,17.944462805637997,6
1326,8.8553973175322,29.355371171705777,3
1327,-2.0100892143093163,-17.969718500235874,9
1328,-28.278858250781084,2.19324492550522,8
1329,-4.822602664121755,-20.26880799268489,7
1330,-15.655309893092229,-16.407866604083384,5
1331,22.386531850246097,31.94479888441819,0
1332,-24.118295741638033,19.25779408509072,6
1333,-5.829546922500016,38.910917439716826,4
1334,-0.22123881520486519,-5.243622316445029,2
1335,2.3515077785318184,-42.422550237976544,9
1336,-14.419264443524273,19.10454962092735,2
1337,-39.65836703312061,-0.7382869758551778,8
1338,-6.994081309255396,-1.9650077583362702,2
1339,25.159513158756408,32.91621143013654,0
1340,23.283880453064445,42.11964425235175,6
1341,-2.575434983200188,-3.645201956146175,6
1342,46.03572060818196,5.099253100474219,1
1343,-40.665275875896185,0.005697282762849463,2
1344,-16.24101053392535,22.64499831918541,2
1345,18.988200742907846,30.962553472125418,0
1346,30.44469187982159,22.24216984421475,2
1347,-7.668155592353486,-40.23457535014369,9
1348,-7.5979808606192965,-33.562606772803896,9
1349,-7.764159019449321,-30.62778718652103,9
1350,17.202444613151307,-37.29121122001779,9
1351,-5.103661340776673,7.129776595519707,6
1352,48.4003885791859,4.300983128886516,1
1353,21.977538396573554,34.12449425630927,0
1354,-3.236649235786647,-42.39820211128423,9
1355,50.59774070985482,3.1696224646218396,1
1356,-47.909570817769655,-6.699542017125411,8
1357,-46.46486721983386,-7.451464873313356,8
1358,-40.185588429259084,4.217388939085577,8
1359,-21.640546445202947,-19.60556413982365,7
1360,33.745253461174705,20.89726242076765,6
1361,3.4170958983262096,-29.603695613360056,5
1362,31.094012520286693,13.478627975920485,3
1363,18.953200501519014,-1.215416106029488,3
1364,-24.01119964902483,33.873353351673586,2
1365,4.946037505977598,-0.9195732975557973,0
1366,9.455955341049265,-1.0566590465073924,4
1367,36.308666061413945,-10.37365618887027,1
1368,-28.9220613429008,-26.337242943404533,7
1369,0.47254072747272846,-43.202448126789946,9
1370,45.15976358327159,-7.666032228297094,1
1371,-26.39031668056122,3.097854431284505,8
1372,-16.698640835017986,-27.539208804871233,5
1373,-7.263817907545176,-45.61820487484464,9
1374,-3.011223224318606,-29.489053951181475,5
1375,19.936701662138564,35.84136553475378,6
1376,36.21531958019417,-4.883101818214394,1
1377,-29.87795438021772,-20.936649242322336,7
1378,14.839586173548431,24.514905125632037,3
1379,25.679164448386864,24.695549753893378,6
1380,-17.209564751341947,-17.64807925721007,5
1381,34.185638789127026,-5.555566105893154,1
1382,-6.217739474696903,1.9054538275508008,6
1383,-30.434829646331046,4.191656163314894,8
1384,4.331557114703302,-37.53633951451868,9
1385,-15.525198666264217,19.129467563309564,6
1386,-5.263168994271797,0.2847280237065329,6
1387,28.574100609085548,19.64912249777238,0
1388,-4.559923143151027,-38.01935214202011,9
1389,-30.576301113715143,-23.667674516878495,7
1390,14.848703589323058,-0.6296611104663521,3
1391,-27.918722746517666,5.24497196489293,8
1392,20.515107777456222,36.135889009889254,6
1393,-19.993023788110534,20.747088999486323,2
1394,12.286360537548425,32.57044001314888,2
1395,-23.21005241738343,-18.469199681886707,7
1396,-12.797025423637013,3.401647980155663,6
1397,-31.155443289577974,23.30927822624089,8
1398,27.661141195453823,-0.5778151330116815,3
1399,-6.16833622621799,-24.534186583786607,5
1400,-19.11695648149762,24.891010794124934,2
1401,-11.351059151940028,32.63524375796837,2
1402,-15.595533235088634,-41.39060451363624,9
1403,-27.330800415302107,25.617455791127135,2
1404,-9.244169935708271,23.04354278419328,2
1405,25.47707363269044,41.13874395006245,0
1406,3.213684883651822,8.85794457879986,0
1407,45.47075855533586,4.2502147749455395,1
1408,9.395508367545881,2.6215903076078466,0
1409,28.061253275573037,28.13349688277508,0
1410,-19.66092580544965,-20.5811700940318,5
1411,47.511184948341786,-1.9248638893198313,1
1412,-20.489128865454095,15.389908647013627,4
1413,41.561437841973614,0.5397760317400561,1
1414,-20.83600473972393,-27.104516056341158,7
1415,1.3303053620903673,20.36792681721689,6
1416,15.896838190255808,19.693198136758003,3
1417,30.482063084229413,23.577689701486335,0
1418,36.45369797738543,-7.577083429176263,1
1419,3.165499572455983,27.92258283246377,6
1420,0.21181995854478225,-43.04608467036673,9
1421,-12.534378787079856,3.7549416473104538,6
1422,-13.655601526050445,26.37444926541548,2
1423,5.149291646776086,-0.9777919414429134,0
1424,-14.39001342778199,-22.226393566077668,5
1425,26.81506036098476,32.877734796976796,0
1426,-16.361801909743704,17.906119709560905,2
1427,-19.78508240236561,38.44039644919842,2
1428,-1.7860296470484396,-3.3835454116625088,6
1429,-21.249420950627794,15.224686484612208,6
1430,30.76913211663186,38.70220795313983,0
1431,46.43382906761317,2.823845811173751,1
1432,-12.047851403531508,-24.918229353532364,5
1433,12.364757848840126,32.50753936216678,3
1434,-8.488588592676148,40.866240314087364,4
1435,-19.7672430914692,27.378796784860764,4
1436,-11.481103436438667,30.63537746198255,4
1437,-25.35042430943568,-32.019041548866866,7
1438,25.755700131798076,41.42649023881229,6
1439,-3.1193943029129243,-30.002679291365354,9
1440,-23.38594063970689,35.676115452460884,2
1441,8.592756670178392,11.627217046435039,0
1442,-23.881802557926267,-33.964404074047806,7
1443,31.632495086394126,20.10063476275746,0
1444,43.97000214124083,-8.571454184808244,1
1445,8.820650227184071,6.072745316036773,0
1446,-19.08111849613956,28.71459835513843,6
1447,-43.735785426771855,2.89987257335751,8
1448,-5.444827320094215,1.3703255450309997,2
1449,39.97303531748801,-6.385055666362872,1
1450,17.18789628302977,21.417053185425065,6
1451,39.25959724554542,-1.16384564604388,1
1452,5.276662113550933,8.307031537181867,0
1453,31.312726200244988,6.174483659884883,3
1454,10.981129402038537,23.523360979898897,4
1455,-6.316136552106145,39.84258401146271,4
1456,-18.452572966252102,-1.6270708808832914,8
1457,-13.453970640493266,25.649056938718402,2
1458,20.00370343216708,31.696290569462498,0
1459,-10.702437572240495,26.07106496924256,6
1460,21.232332677552417,-3.3977676528921457,3
1461,18.109555899059615,-38.718143924115644,9
1462,-49.31103553066546,0.16897377100774938,8
1463,10.362024299564085,-37.56934219545554,9
1464,-4.845840492668239,29.6292982218142,4
1465,46.57272511058498,-2.8435278233213133,1
1466,10.746986405056655,-41.30111831841689,5
1467,25.147298915151758,15.484322287162405,0
1468,16.850531051290126,-2.5517590498000655,3
1469,18.006748016280483,23.955943462259864,3
1470,40.17970290514847,-13.537108610993403,1
1471,7.4734895547074665,28.26240049933145,4
1472,-3.508005602672764,27.598778276398377,4
1473,2.1987197101486315,-43.21851235081822,9
1474,26.94958697053327,19.903312110288184,6
1475,-23.651819370860366,26.102103293549014,2
1476,-19.934356466629126,-17.080643866222378,5
1477,24.74716553127539,35.8064731853819,0
1478,13.004404091194388,-40.80092396638739,9
1479,-16.16078927760073,-35.20497200796512,7
1480,-6.0620936369847955,40.005473435122155,4
1481,25.423510323278606,32.050457512097736,0
1482,-17.348631306157785,29.04219277837196,4
1483,-9.056524394656712,9.174819290146855,2
1484,14.771088686318715,-33.826204895772044,9
1485,21.797456391534983,32.589899361112224,0
1486,10.815498779155135,23.906926994378686,4
1487,-22.25253668306162,29.595966431414453,2
1488,-19.04805317219213,17.604100416523163,2
1489,-23.96780566335711,31.419644683307315,2
1490,-24.365643208348942,0.6174483053614032,8
1491,-27.706375992247622,24.191601964295792,2
1492,3.748151174523575,-18.631153316150684,5
1493,31.680872022329154,-13.994525069329661,1
1494,23.870309908597864,-4.965045335532311,3
1495,-25.50247447826182,3.5642611610675674,8
1496,15.88878040367339,-2.247836285536911,3
1497,-26.746936545362445,4.450274011882124,8
1498,-4.557844552055205,-29.883922870358262,5
1499,41.62426062703247,-8.08309618472406,1
1500,27.01381247629114,36.14274296406721,0
1501,-5.48989167583745,-35.89220130508052,5
1502,-2.4927803207884995,20.07432629204931,4
1503,2.195817904779259,-16.39936665316449,5
1504,-5.300612453757939,0.6079735649283208,6
1505,19.704283298906937,-3.296784225641957,3
1506,30.10185737721363,6.6751792383935555,3
1507,-21.312893111908057,-18.42312088895665,7
1508,-11.994592702279238,-42.67866566695335,9
1509,-6.800752597535278,-20.7617424798455,5
1510,-28.333254734478018,-34.100575264715104,7
1511,-11.137436914547095,16.207094563598606,4
1512,-14.61077833716603,-24.41190326850997,5
1513,43.40043535931129,-10.50633971134364,1
1514,34.16033202234075,-14.226158175804393,1
1515,-18.533453890508305,27.692147926432828,6
1516,44.19340520124673,-2.402289509013242,1
1517,36.398831742621226,-5.1806941863457965,1
1518,-44.315182575396406,3.3738501061781627,8
1519,-30.345389019894693,-31.065600681103373,7
1520,50.19673004114634,1.9598526806597307,1
1521,41.85681857609702,-13.864137622750462,1
1522,42.33716727286904,-14.6385409875915,1
1523,-20.438072007743155,-0.10562194662708554,8
1524,-49.93532055245995,-0.9662431489616105,8
1525,24.778138897660096,31.609998296648605,0
1526,-2.3265104354721102,-27.243005875976156,5
1527,7.558292687226545,5.466375773844564,0
1528,-17.039244873611345,34.91729294270177,4
1529,9.17348998274352,2.8264044113512266,6
1530,-4.340107567565337,-4.20027460058455,2
1531,-28.93340375764879,-36.02658485329577,7
1532,-22.581198959602453,-24.193017721201223,5
1533,-15.530405456847042,40.29378184414212,4
1534,-24.00925102879543,30.450065563071607,2
1535,-15.074436226883055,-24.419520197376187,5
1536,-7.292995407379277,28.271920714600938,4
1537,-5.817094500295231,5.521556966101063,6
1538,11.329512203371939,-35.539790935290036,9
1539,0.8648846098795218,-38.72152711659705,9
1540,-23.988686371288594,-37.17233090062153,7
1541,-12.631702686993442,-25.73681641364335,5
1542,-18.51256726338967,28.56976928346647,6
1543,24.111452955563188,-1.3334013641136782,1
1544,14.069606721083634,23.38680278046377,3
1545,44.039296622609974,-9.74247998384264,1
1546,23.854091321077103,-0.0073276565187091565,3
1547,-3.281491399313331,-5.701683599260047,2
1548,-14.752568765474496,-18.022325454008374,5
1549,-26.382501282392234,-26.278440575425037,7
1550,44.26525921472699,-2.606599586229456,1
1551,4.921475628761979,28.934783108711343,4
1552,37.59199561075986,-6.7196580509421455,1
1553,-17.514237461151318,-24.099699684233983,5
1554,-13.61975017120937,6.924097677427686,4
1555,12.075751484386874,23.84531746101611,4
1556,-13.290578874499149,6.801904586077044,4
1557,-20.82360019709678,-19.258953559108683,7
1558,-14.735088210130458,38.26617746321356,4
1559,-16.229530174169064,-37.738456451859605,7
1560,32.05956965521296,-11.851062942339118,1
1561,4.049665088831003,-25.103031430348494,5
1562,4.501383304355995,13.124852312941622,6
1563,-15.113798816529696,37.85796688369579,4
1564,3.281931494275278,27.253908214599914,2
1565,-6.622099971821818,6.422475454477671,6
1566,-10.835356632142462,-40.19402687010023,9
1567,-1.3752943162549507,-40.90126422131558,7
1568,5.28266440237471,7.321651589030565,0
1569,-25.191088266459552,-33.425973191632096,7
1570,19.422990335247903,-31.922149150553963,9
1571,30.438077965424625,22.150540651647766,3
1572,-18.092672576979265,26.087797733904516,2
1573,39.14542318985854,-10.067561148997859,1
1574,-12.863268310394016,-38.929989990907366,7
1575,15.345779272115806,-1.610454259842505,0
1576,-1.3536202428824398,-42.29731355565063,9
1577,2.061406795300877,-2.5639718421806403,6
1578,-42.88069208455804,-3.0258613419981764,8
1579,13.060248249724227,1.4431207968850104,8
1580,-16.032503209915337,-18.741994257740984,5
1581,12.260134149599628,23.477679616912432,4
1582,-44.737042977748985,7.091865205809609,8
1583,-10.877044582588612,39.348736349139394,2
1584,42.64485528391797,-8.277354010893468,1
1585,14.27965524605759,-33.244384033947384,7
1586,-22.33399080027785,-36.18756573956542,7
1587,-32.483195905284866,4.890148855596746,8
1588,-3.0372425391427758,-2.490859590591916,6
1589,-30.76390496566376,-24.098364501715295,7
1590,0.5893528952215842,-23.122992222995478,5
1591,-13.22500926645416,2.382037175166049,0
1592,-14.307648125452067,18.703613280293684,3
1593,-20.242880839808954,-38.150919935083806,5
1594,-4.012632246991502,-1.7333578543064556,6
1595,-26.015394873227557,-32.735762574401406,7
1596,8.726306872571786,2.6304635610346514,0
1597,20.66744009517304,33.687486489796214,0
1598,-26.582268761836488,-24.144553834461973,7
1599,-6.7571338813242425,8.109698917854677,4
1600,3.0485337965433947,31.090816838500757,4
1601,-7.561100263236948,25.08565955925941,6
1602,-46.47635656061298,0.027150716863112257,8
1603,9.270006050187677,5.094836744079903,0
1604,39.86100030213359,-15.210507489523609,1
1605,-23.88300032158671,27.447322463607467,6
1606,-5.149480230216551,-33.05764636254873,5
1607,20.595401975457566,20.57462419454693,3
1608,22.45866201247666,-5.994198267604837,3
1609,9.541071474849575,7.968084329597885,0
1610,-1.9576363396420242,38.05936296342991,4
1611,-41.91474015643586,-1.9045400783323254,8
1612,5.085253770631269,-4.718564055445552,3
1613,1.6036008742232721,-32.98458008419258,9
1614,-42.71383192683638,7.055346388432748,8
1615,10.741297415226628,-36.13203271051729,9
1616,-14.738894134291344,43.160859276938595,2
1617,-29.929428529652352,-25.490095241639644,7
1618,-10.741681999061493,-42.08367264895252,9
1619,-15.790427578408154,-19.452180238124917,5
1620,21.010347477091255,33.552733115004855,0
1621,-12.770117015248044,13.313718323970708,4
1622,6.548106727302301,-39.675137328868914,9
1623,-8.017141455009456,2.0102393482649816,6
1624,-13.570457408161666,19.16718411628838,2
1625,-28.581728294053132,0.10657850550724435,8
1626,-22.5729855537896,35.38193996491072,4
1627,0.7337134493986464,21.00176956912364,1
1628,-5.592355277750308,37.789442269589486,4
1629,-13.145969448942575,-23.27738880899144,5
1630,-46.511326475797794,-7.2449502206298355,8
1631,44.577165861039724,-10.006240080973898,1
1632,-9.044538187880738,-36.19062599486878,7
1633,37.45299077047323,-10.826299808369379,1
1634,41.444780984761074,-6.678743701083667,1
1635,-17.977495151440646,30.017828705933876,6
1636,-23.534878183945604,24.249961585451775,8
1637,-42.421566461241376,2.158647781318027,8
1638,18.63561471169428,19.771771435078414,3
1639,-16.958684692925555,-39.870123367480666,9
1640,-11.749542358190334,29.212828407618304,4
1641,-16.9150877347717,-22.994208988990646,5
1642,-1.5814176645171232,30.920615605502245,4
1643,31.71504193387001,23.279157572122177,6
1644,-15.84229329625335,-36.83908793803827,7
1645,25.87806607058725,14.606270091628511,3
1646,30.563913468418768,-11.596515064172864,3
1647,7.693944424897962,-0.8910691181792784,6
1648,-12.47715303662872,11.050571608008857,2
1649,-17.972025427053126,34.89630518211243,4
1650,-9.764256592385385,42.66126885875764,2
1651,-5.215500030907587,0.9713471005370451,6
1652,2.2221201124247782,10.52788032132219,2
1653,45.44459986090541,-2.273768298769923,1
1654,33.33759484963233,16.65904762806788,6
1655,-35.38518730947406,2.000132561096566,8
1656,46.461611137703706,-14.35025179645771,1
1657,-2.836179180806343,27.81945698245373,2
1658,26.78954352282409,3.816994123501903,3
1659,6.0919308709155375,3.563051968856955,0
1660,47.89922123536757,-10.801559295988824,1
1661,8.743335006424628,25.581136889213404,4
1662,-10.815588914314782,37.27196910050843,2
1663,27.74822786830083,39.40929119718073,0
1664,5.585454919776,30.35371886124601,3
1665,-19.285075259534484,-38.81149585861371,5
1666,-1.4399544883161388,-0.6531657751744004,6
1667,-4.035702062054701,21.74544504692875,6
1668,8.588586285484624,24.544315962179308,4
1669,-6.3225787379085,-4.002857460268667,2
1670,0.8049537383590868,31.78602669116482,4
1671,15.255756505291568,23.46846071958233,3
1672,40.060861195388675,-13.324131739290118,1
1673,46.287125609895256,3.0052633964685236,1
1674,-21.122806002561408,-38.75812090264441,7
1675,-19.02043899373119,-27.248861463866568,5
1676,-1.8236653047673694,-41.0950772091605,9
1677,-17.054047800091666,15.874318597750271,6
1678,-9.017824761920108,40.69702956212783,4
1679,-5.950221298702619,-45.74551075271473,7
1680,25.523032849082274,-2.992818181951177,3
1681,16.503662112780155,22.66049996157299,3
1682,14.058484593470888,20.789990187727607,3
1683,27.941306177872267,5.5279678944243225,3
1684,-8.341055471925394,-37.471751906363,7
1685,21.789820670328,32.62524110224835,0
1686,32.68103834840911,-14.899586733121216,1
1687,-16.99998133229014,-33.05503792290111,7
1688,-24.08688980512229,-24.90716389914784,7
1689,25.28708690721027,30.767575320666207,0
1690,0.12564805111606223,-21.40595302539044,5
1691,10.339701293189755,9.126611787999694,0
1692,-28.854063551603588,-25.382081038415976,7
1693,-48.36931185880558,-5.57252375831867,8
1694,-7.713480861837247,4.112779357124064,2
1695,-10.820500882368561,23.654251819166863,4
1696,-15.290562424448355,-40.07769730497308,7
1697,-12.296069535897404,37.66344847088866,4
1698,-7.071515768505873,1.4658600085565676,6
1699,-13.562825333363048,11.537509961264147,4
1700,5.892394904134967,-38.60123066544867,9
1701,39.26889521213345,-5.793729896325738,1
1702,-14.722267701163391,36.18256566182688,4
1703,-9.887253265521514,28.88033589622709,4
1704,0.299862267452736,8.640608392220885,6
1705,-15.2105388923916,19.903683396926244,2
1706,-17.890446106668993,35.174720282344936,4
1707,31.309244287129516,21.681422254537363,0
1708,-0.5670116492562055,-2.252072820729163,2
1709,2.2234350846686204,-5.896173191850473,1
1710,-3.471299000046011,-44.586413761707014,9
1711,10.053873686356775,5.996705599070663,0
1712,22.858025956930135,9.380388858177286,3
1713,-49.277553218654816,1.3502420825778965,8
1714,19.037198217099863,32.05934870425444,6
1715,42.70097512074745,-4.080045096601378,1
1716,20.38084057157059,6.401287297968465,3
1717,-3.7708165373566245,37.57707249632144,4
1718,-28.26268656917752,1.4144850008828214,8
1719,-13.726787698713377,-43.55214274422849,9
1720,-22.53527280010429,33.40231470930685,6
1721,16.84974905142126,-33.7361635686178,9
1722,-9.045774695983223,25.373359218515088,6
1723,-12.683007615847004,8.304188518942334,2
1724,7.114131919695889,-32.320455390592834,5
1725,-15.331302197529702,-41.36313984421164,9
1726,-26.31978393110269,-34.32094462906172,7
1727,-0.9060678340701005,30.212236129762296,4
1728,-17.02657946313729,-21.831664956111716,5
1729,-21.835192911964814,26.750381889250747,6
1730,-20.319297017685443,17.504931846959636,2
1731,30.944660234733004,32.39783147841093,6
1732,-10.361540828981322,25.516093504119624,6
1733,-24.62252622408014,3.893014598410302,8
1734,-7.387337987823342,-15.655817859774903,8
1735,-9.41982026761054,-28.024520025365494,5
1736,30.09139622626159,32.052764007952426,6
1737,-9.433932820302047,-2.7030905515079557,8
1738,28.709404098934872,23.315351470525815,0
1739,21.738273588343827,34.77611041157702,0
1740,-31.348468287418847,-22.92647542564229,7
1741,2.6349813970393954,-39.48902639775048,9
1742,-13.154007485828286,-22.524648168038418,5
1743,-2.5144024521131922,-46.25079539576466,9
1744,27.640114067171115,39.57677465849631,0
1745,-29.35077350755346,-30.563940142293948,5
1746,26.00504778290208,6.2878954556524524,3
1747,4.068731325046591,-4.72401490440134,3
1748,-6.067473149388681,-37.728033537601846,9
1749,-4.733995706727236,7.114517932734828,6
1750,-14.608016127798418,20.48716945235907,2
1751,3.1483323357483886,-23.940029855222367,5
1752,21.881974205194496,-6.336780634121195,8
1753,2.8460774908489217,8.300775895108218,6
1754,-14.062618364600523,-22.668007364304742,7
1755,-22.34371152140758,-19.963320368364478,7
1756,28.58776185284856,40.50600155726325,0
1757,-7.305313292913425,-41.50214850104135,9
1758,6.183114398518512,-41.111913025954415,9
1759,-42.85422959678727,-1.463723140383649,8
1760,32.36211623146742,22.978551571260066,6
1761,-8.65804520041365,-43.17499068226341,7
1762,9.572150144122345,11.519930397090876,0
1763,-6.873958939369474,30.085704802073604,6
1764,0.5987514971000005,-2.1089139526040963,2
1765,4.037775211254341,-25.020065377568518,5
1766,25.29865913594964,15.079130696927985,0
1767,-28.0598365260437,0.12089075469252833,8
1768,-18.33299646497525,35.40567993582279,4
1769,17.730712887484184,0.9033447253146829,3
1770,18.43278369367506,-32.70199940253489,9
1771,30.631992357399568,10.74937146133805,3
1772,6.560797739281825,6.894268592180003,0
1773,11.61947207006274,9.96629917988913,3
1774,-4.302740566713262,18.834281816839813,2
1775,46.24250813596257,-8.459465946170537,1
1776,43.736034939745366,-14.401251417673917,1
1777,-43.37284679934293,1.1388721141859626,8
1778,7.84016560074316,-32.94307716627521,9
1779,3.4929558794151117,15.364749245308825,0
1780,1.918530163771952,-6.520917118996744,0
1781,-15.615238492069649,-34.51862874913062,7
1782,9.129530500909992,24.384654597740713,4
1783,44.42384776919485,0.5480829882317988,1
1784,-9.212888806780438,3.40905023420034,6
1785,-22.038766279688257,22.608595150824783,2
1786,-26.1476563641195,20.73009321636435,6
1787,-10.9409011113556,38.93715149175815,2
1788,-22.93274706395018,27.2778541525468,4
1789,37.960298851422806,-5.610543669044592,1
1790,46.15874070409376,-1.3504224456731544,1
1791,-10.954214182502422,44.36042990839119,4
1792,26.07387021349984,37.87071154149001,0
1793,2.5475414629589617,-36.873948650049954,9
1794,-4.290493313210056,34.02223500580282,4
1795,-23.80431997272664,30.188188384982944,2
1796,16.22281818914578,-33.18093296766145,9
1797,28.03049149980654,10.854670055426881,3
1798,28.469608436619467,6.069875559543389,3
1799,2.727110472464992,23.670931977015787,6
1800,18.89682181225181,20.61658335990916,3
1801,38.39342847314799,-4.166113515384331,1
1802,36.099393594668136,-6.321417734769834,1
1803,-22.041343778931278,-36.79470427222261,7
1804,-18.205117633245294,11.584533027515327,0
1805,4.043168693057687,4.776597044157362,6
1806,-9.737290454471882,43.851940613923574,6
1807,0.9637257853809936,-42.76909748939922,9
1808,-25.855817664199098,-28.74550285807964,7
1809,38.03839370519908,-7.42789269646618,1
1810,29.772544944880703,38.81098391298538,0
1811,-15.640584709582678,36.92382084125737,4
1812,5.4046729130751014,-37.78176375665471,9
1813,-27.92271872103822,-26.032996930776896,5
1814,42.99811529598595,-3.803214212069577,1
1815,28.546119274277487,14.19235754297546,0
1816,-10.946452883962511,-25.462393050117047,5
1817,-26.488550492472037,32.39783237988352,2
1818,33.593334231775394,-11.058108788999347,1
1819,30.469219386348694,11.662984820459457,3
1820,-9.790032776551612,-38.31467076296478,5
1821,20.471207644579692,10.026989930664541,3
1822,14.843981043212851,-35.11352591909427,9
1823,-6.773940963215879,34.33742530925121,2
1824,-46.93764530033937,3.887763135010436,8
1825,-31.8588736882209,-20.987282699124897,7
1826,-7.1283102687005915,39.63647157324835,4
1827,-12.882946145073761,9.921330348753704,2
1828,5.917635551556419,-41.20614563822333,9
1829,-1.4269560557026395,31.066372634006544,4
1830,-3.5115256937500128,-42.6849993166711,9
1831,30.417775770479505,35.85259806624772,0
1832,13.587632583059452,19.247337392479196,4
1833,30.432728726795503,39.09349577213706,0
1834,46.914405580470515,-1.678707489537247,1
1835,-15.411209482146619,10.11004444615409,2
1836,26.122754293244743,11.202479506061746,3
1837,-15.300321898112921,-35.54913753734934,7
1838,-6.199976662419598,7.1084360809353395,6
1839,16.96007496381781,-35.312544299579244,9
1840,20.299972771673183,-4.7988125622976465,3
1841,22.894984989301378,9.955665385947713,3
1842,25.122570673874286,32.24670626253502,0
1843,-19.72558903136327,-28.258039490890912,5
1844,33.69070550876078,-13.435952972819512,1
1845,38.55733853622853,-4.115919444419887,1
1846,-47.471299928038185,9.272376853750195,0
1847,26.82994982938678,1.8994551961451127,3
1848,-29.186309497506315,1.3344900740518024,8
1849,19.528287637998737,23.538154166651257,3
1850,18.88319830357852,32.027779601674744,6
1851,0.7784501906263236,-14.203105490867094,5
1852,4.191199155010766,-37.780532185552076,9
1853,48.38276812978307,-3.8279779511835934,1
1854,1.0488724472273592,-6.231297720653894,0
1855,8.338180925627663,4.400461840842557,0
1856,23.862927373747155,-4.9026367767689765,3
1857,22.09096591739274,29.124613345126285,6
1858,-30.081929971521166,-25.905929415639676,7
1859,2.3850485234090453,-4.762245628671116,0
1860,-5.099023555658152,-39.472491779267436,9
1861,-3.607174004833613,-45.99975729656716,7
1862,6.59165933893785,11.06091517470797,2
1863,-7.247161547379902,-35.506904493031065,7
1864,-16.669745345749355,35.3416828696586,4
1865,-10.720546174156532,22.82762984050746,2
1866,47.738471134686826,-2.169022584589267,1
1867,13.359626535816995,-38.99527861473922,9
1868,-31.10903316335052,-29.011604542001315,7
1869,-9.3288539008838,16.160370103438684,2
1870,-30.00245229664196,23.231269844303036,8
1871,-1.880894071278293,8.5147163670748,3
1872,35.692636418101536,-7.266116255097786,1
1873,15.782818319540645,11.352010770298106,0
1874,-27.181584856102422,23.832597825480416,2
1875,-8.44156799490359,-41.06387661810766,7
1876,16.424532141595925,14.228157092046585,3
1877,8.078699458401042,6.226630059117002,0
1878,23.657761142328276,0.6772309819943174,3
1879,6.725856416517084,2.909236579545433,0
1880,-18.43473678629409,-18.522291313142826,5
1881,-33.50055779570171,4.444211739848416,8
1882,-19.404247871214533,16.085114400399988,6
1883,0.9730961253599192,-41.52517940826677,9
1884,-7.385089003069334,-45.54553950240172,9
1885,-0.01569326125928292,-14.327116756991908,5
1886,-17.27757742011381,33.042132416183,6
1887,4.453555540923172,29.744814876534782,2
1888,28.178697848416046,25.307442761415963,0
1889,36.232786349338646,-14.423013895434881,1
1890,28.869807686120136,1.5961778302042535,3
1891,27.31016364552452,20.73173034903115,0
1892,8.32889623370242,17.46133188134445,4
1893,-15.054283551618902,-41.52891887278634,9
1894,-17.65936188425836,40.98308526582863,2
1895,-11.19109624546385,11.085695252253105,4
1896,-25.009698471896815,0.2945502546133442,8
1897,-0.5772416965601824,19.850553313747685,6
1898,-6.392694005462147,41.86910768901364,4
1899,16.4750601553782,-33.36720701277561,9
1900,-3.8084557165005473,-41.165498803592996,9
1901,29.254664187237214,27.381272755850937,0
1902,-6.342407409312707,-23.114983535557432,5
1903,-23.243765715742192,-15.02847348382674,5
1904,2.6568395231259503,23.041710203186653,2
1905,-19.70737058503711,-20.5934691715705,5
1906,20.58067167993492,-2.4543550498362734,3
1907,24.4694334235912,3.056498756550776,3
1908,8.273471224203753,-39.4059452011349,9
1909,-11.326850254349516,23.034116143788818,4
1910,29.1845026124225,17.20581715939745,0
1911,-15.95232497746533,40.864913566334316,4
1912,15.962227370046383,14.918434226365543,3
1913,6.196478868887149,-36.092230411746534,9
1914,-17.712880419756395,28.040360024474893,6
1915,-19.83852815154267,-21.913277934352212,7
1916,4.813565618522533,-4.93503922433821,3
1917,-25.356112730966075,-26.48463513948652,7
1918,-18.212275022290314,-1.6771014627194183,8
1919,-17.821083729256003,30.279853017959507,4
1920,7.450120648505662,29.75810468422115,3
1921,-23.2130920488566,-28.2050723857456,5
1922,28.50543962220977,6.8007407388809655,1
1923,-9.064822770367986,4.35804473335823,2
1924,-24.68510628738796,-27.87655763036977,7
1925,-2.731291218198144,-0.3389166866551718,6
1926,-11.326545561854624,-42.34899271890227,9
1927,-5.716576100191727,25.749940920017764,6
1928,-1.1690569430342013,-36.65397199423941,7
1929,17.77513950330344,16.097837698395224,3
1930,-17.304812105664013,-22.91436133549073,5
1931,-11.187932880891342,-42.28108486282563,9
1932,-6.805831205067285,7.00241427615963,6
1933,-20.253574225308338,-1.3065413821361223,8
1934,-19.725982914436173,-29.347913602400325,7
1935,-4.922444526713108,-39.98933310881597,9
1936,24.84214205857677,7.766068502974065,3
1937,-14.982608112233839,37.31221640375313,4
1938,30.036130262540095,17.571455815228973,6
1939,-16.517147069122142,21.130005276608394,2
1940,-10.871270132720506,42.31731355629049,4
1941,-23.550638195482165,-37.42515188936025,7
1942,10.138883276322874,-39.290657108755454,9
1943,-5.828532577778683,-35.24030928669336,5
1944,-25.101381942202313,2.5559310021443453,8
1945,28.710843105693897,34.59532695406001,0
1946,31.331425611964757,3.8424750308710003,3
1947,2.5233898430638564,-14.636919731959328,5
1948,13.01578235897491,24.863549150855473,3
1949,46.63055055848475,-3.0102017483648478,1
1950,-31.94142076804316,4.733664408886939,8
1951,-0.5837601422895252,1.283135010553714,8
1952,-23.30776579877381,35.760210820639784,2
1953,-13.710609252181403,-33.60214078191502,7
1954,-19.327997689681354,-25.53884631150957,5
1955,-6.071049794425405,28.328576718208343,2
1956,-23.732233177502742,-27.02845455522613,7
1957,22.519209153695176,-4.8631041279006775,3
1958,-1.3845714361270656,7.314209646567656,3
1959,0.8330871200909065,-26.713466503859078,5
1960,3.625517729603253,-41.840062331054305,9
1961,19.478608240943213,31.201285785701995,6
1962,11.014211997104661,-38.31291371909856,5
1963,-19.939671982401983,19.329043807696635,2
1964,-19.52682821884823,33.43630010806623,6
1965,28.650904695768727,4.633687367055509,3
1966,-19.09922394730767,27.858526312475075,4
1967,-17.319104904748684,36.74442833298083,4
1968,-19.689970122588914,19.08491993451788,2
1969,-11.641937747728386,-40.129800095729884,9
1970,-37.77834884669092,2.263495122729519,8
1971,28.162063544576707,34.460048512307615,0
1972,42.60749256371383,-11.289763979171136,1
1973,-7.0531771240459,17.211245843857913,6
1974,7.81404579988702,26.378617220051158,4
1975,48.317696599153464,-4.092403636152148,1
1976,21.38648283839691,-32.66949009121601,9
1977,-49.23511257041873,-0.08243352996685314,8
1978,-43.36570766696401,3.2205213487486057,8
1979,19.56736780679502,33.37890111835155,0
1980,16.496001727242163,-3.6963051481873177,3
1981,-21.176970404115284,-1.707131517995377,8
1982,-6.670367204120342,14.910266518699734,6
1983,-29.617516580825676,-28.026580191377388,7
1984,1.3679257550019055,-18.674417915748407,5
1985,-10.723886149879755,-41.32077743943754,9
1986,-16.170832232527935,-16.147696400080598,5
1987,42.319767690390876,-14.81973008445683,1
1988,15.163720549388621,1.9188947916233836,3
1989,28.666622348123422,7.613323668222055,3
1990,-13.145093900991812,37.645337375183,4
1991,7.695795253399629,27.375914553553923,4
1992,46.482890135401426,5.134420476399203,1
1993,27.013949114908197,29.83882647402331,0
1994,-12.602042132536122,-21.888241912771537,7
1995,-5.059036534892661,31.17817535957815,2
1996,0.008870882197363959,-15.499559451538525,5
1997,-12.196613754894502,24.157491858211774,2
1998,-17.62130459412408,-21.261048381440933,5
1999,-49.50179660857591,1.6075341564436338,8
2000,-20.55523729981707,-0.5542641417862179,8
2001,-20.8731536066874,-13.355908506909334,5
2002,29.787803797063532,14.93523737606474,3
2003,-16.487358769505075,37.50378063516435,4
2004,-2.2184684428665054,-38.54877617681183,9
2005,-8.966955955208373,-26.683112130921632,5
2006,-45.17194697420641,-1.8922404325259912,8
2007,-33.22602497340164,-28.00597840056373,7
2008,3.1688712467022753,-3.517749145613353,6
2009,-4.512685341658433,32.2813379816097,4
2010,-9.890100682403917,36.75409349988775,2
2011,-31.59653441945087,5.235731532085056,8
2012,14.376345193120525,-31.854712228512113,9
2013,27.145814047823485,30.658565543526894,0
2014,23.911604153604827,8.410109669263113,3
2015,25.078140392147894,35.818230109412866,0
2016,-12.010259310099668,28.807660301763754,6
2017,-17.738816849971453,-17.536775510986153,5
2018,18.548691855795088,2.6058702947571932,0
2019,-17.44174363159348,-18.289537445571135,5
2020,4.561422697024944,10.013693038066332,6
2021,23.818868657135614,9.939862060732437,3
2022,40.06214524356028,-6.227271288524379,1
2023,-20.36625639401258,-13.573781415836292,5
2024,2.1125951477056266,-37.04563443934842,5
2025,26.15881918193446,-0.49929242936911516,3
2026,-16.27941995581904,29.75711678350751,4
2027,12.582653936116808,32.465975506590794,0
2028,5.230200583239292,-33.61552335726594,9
2029,-10.819032857680865,9.521108236481112,2
2030,-11.70691420482133,30.38865941198141,4
2031,-2.644155056296758,-46.567922772749654,9
2032,18.690424099062874,33.54407328906864,0
2033,-33.55699604093317,-22.45763442504959,0
2034,17.549859288273773,-0.5114374624843734,3
2035,2.8667702886055677,-4.381703097675867,5
2036,10.6579171693582,-0.3773945328007809,6
2037,28.033237712313294,14.206840959956375,0
2038,-25.358841279554163,0.36348701490105384,8
2039,13.802928298717458,3.81347054482691,0
2040,-0.5520082536692517,-18.57897026710598,5
2041,6.740975100645325,12.705608856618488,6
2042,49.59742681075475,-0.6769221175605025,1
2043,19.640202000936554,21.472855991404277,3
2044,-26.6120234906749,24.6332969742568,6
2045,-1.6827787045617866,6.034461004231031,2
2046,-45.894637564902844,-1.7290993419090228,8
2047,16.291153629438234,-5.044497541569632,3
2048,-38.98394747097662,4.057418391425197,8
2049,-20.77991700865862,28.930003109265648,2
2050,-21.19166119307817,-29.538356971345788,9
2051,-7.780519581526607,19.246872392806395,2
2052,-29.30688797318318,3.012692346401961,8
2053,-27.12755432411193,-34.352521989890626,7
2054,38.03837099769261,-8.614357978440013,1
2055,14.699807372452769,-35.017267414872855,9
2056,-14.485012570199736,-42.67311276144629,7
2057,-6.535517048438835,1.2723900876691383,6
2058,-17.519469479342533,-18.050600260494626,5
2059,-29.739515491441427,23.626112945091037,8
2060,-18.009462236727934,-26.593533540163605,7
2061,-7.32151192590489,18.443842024343834,4
2062,-5.237333288712996,-1.575452335825229,4
2063,20.402411359874186,15.132707395191725,3
2064,-31.929810880569217,5.1130326973427325,8
2065,16.147105838052386,-32.15771661204939,9
2066,21.14495911310401,34.35951975699134,0
2067,26.065558938346726,11.501818373324769,3
2068,-38.10893962981775,-1.3356889921688693,8
2069,9.968923986529916,17.395208888240077,3
2070,42.35057310247029,-6.1968415244451105,1
2071,25.30038604603168,35.95000845078189,0
2072,10.815013070001536,-4.010088359809511,3
2073,-10.349412825310678,6.704631123179573,2
2074,-25.6103626076908,-19.27291591659137,7
2075,20.57158396252919,6.213453922470414,3
2076,-4.125493195861446,2.453795809370821,2
2077,-4.0632065935936925,0.4369868400963398,2
2078,-13.922691015677199,22.48233284246429,2
2079,-7.321534554374318,-28.828174426288488,7
2080,19.440457635683813,22.743882531838437,3
2081,34.11364762247229,-5.558167256664722,1
2082,25.016952953683873,6.081483927845529,3
2083,14.765768918518445,19.37748316216312,4
2084,4.3915446290471625,-39.78046499639369,9
2085,28.566802678974106,39.279337906477686,0
2086,-5.440032506296962,-3.621971727918847,2
2087,0.41801446120812735,35.52591086413434,4
2088,28.600105276280093,35.283186818319756,0
2089,48.36045574308114,-8.761922770964835,1
2090,11.811352288548443,12.778050496474428,0
2091,1.1611522866290407,-24.970418843489842,5
2092,47.7906619993969,2.5019253995574804,1
2093,-8.777822315079751,19.526256504322376,2
2094,-9.15032033347796,12.643287297940384,4
2095,35.46376016976392,18.753518748964087,0
2096,18.96487393346868,-36.78064092264524,9
2097,-15.08425590239281,-38.158887251944975,7
2098,19.510587773402595,15.036090269119908,3
2099,-13.701023158622135,-42.985409628404206,9
2100,21.61697875576789,18.917696379700494,3
2101,-24.3916791814676,1.969828351772476,8
2102,45.04064761493526,-7.576086924826557,1
2103,22.28101704361813,9.939250573637247,3
2104,17.660749929269112,22.204065560772612,4
2105,-3.8248303333536833,-37.75578245137603,9
2106,24.344627388027863,-5.219061330464237,3
2107,18.09429816155989,0.4534476712000412,3
2108,-23.983834816769416,37.73635414486335,2
2109,-19.877432156968904,-16.227900062499206,5
2110,46.79106490846131,-1.307102424160246,1
2111,38.489208777543446,-9.652002434174308,1
2112,-13.411933880015741,-22.901881727348965,7
2113,-47.08519282449294,7.200746257346793,8
2114,20.543243607513737,34.19257599313444,0
2115,-6.274246573216546,26.63038806901027,6
2116,-7.520966743156403,35.36501467109819,2
2117,-4.408839588180598,-38.881356537738455,9
2118,3.228471368755345,-5.736960387796516,3
2119,-5.383832331772768,2.373284213047684,2
2120,-1.1121316015586886,-32.00180093097408,5
2121,26.07373335636262,42.363273159683786,0
2122,44.095574151097864,-13.78863259631943,1
2123,-45.724669275450495,6.926392127255407,8
2124,-10.376358414961249,16.466209697019615,4
2125,33.32434464434436,20.88840074872999,0
2126,-2.245801529426685,29.179922045009526,4
2127,39.92796916053133,-11.31603019208687,1
2128,25.640751038803717,5.239110891126555,0
2129,-28.928899647329086,-22.19773087646996,7
2130,5.115737508080233,8.38080653245585,0
2131,-42.209275701615645,-2.5401458411792985,8
2132,-20.001239091559423,-17.91488759241981,5
2133,-5.357790629052795,7.666755305801902,6
2134,25.351733362012265,25.849273273318655,0
2135,30.8811147113497,17.530544465630125,6
2136,-24.71489458664588,-0.1580412217290744,8
2137,22.204958555730077,33.95773135105879,0
2138,23.831195616966742,31.78303812354612,0
2139,13.192775287273795,11.444155044960425,6
2140,-7.392682696049823,-28.581809746560396,7
2141,14.841794703908292,-37.32726646461332,9
2142,-21.757088994513985,30.338352777618,6
2143,-18.369248033524432,28.12470465350665,6
2144,28.848236898032575,27.679825051944825,0
2145,-3.462694787029047,8.08516867465133,6
2146,27.691940347719207,5.164589800039849,3
2147,22.492883499616283,-0.38802060866341376,3
2148,-18.6743382617163,31.098342681019115,4
2149,25.621263849486915,1.5595899791953869,3
2150,29.891442218102323,9.350961990215279,3
2151,-10.891066452901194,-40.22865490368049,9
2152,-29.233663917368087,-25.49375715961529,7
2153,50.54010201127061,2.198706727438802,1
2154,7.5865232688693975,-39.39375428435048,9
2155,-27.08738667971405,-32.08298521764248,7
2156,-13.935211395457321,32.170655631481225,4
2157,9.346457033886207,30.39000995536583,2
2158,-47.67155404033307,-0.7432861778265388,8
2159,-16.931878368643886,-25.9223653372945,7
2160,2.636161174604906,-19.964184339716205,5
2161,-21.922102879105307,-17.195660775053067,5
2162,-12.627989723341702,-26.005909347771695,5
2163,-2.011078641203373,1.356280850898647,8
2164,-47.51151944196456,4.1132409129410465,8
2165,13.414030382840489,-36.2064866422423,9
2166,-31.952569382622332,4.229030682003862,8
2167,19.55021610104624,11.826945001238688,3
2168,-24.23590177599295,30.378862123687487,2
2169,-14.25823723666705,16.986401867683842,6
2170,-19.773832845609775,12.948141903273894,2
2171,22.211913331485892,33.98770456071545,0
2172,-16.37852423105881,33.4981082981121,6
2173,-6.3913350315951565,29.089900877338035,6
2174,1.2485469496339239,33.390865162349606,2
2175,-14.239666837360813,-20.458584946388477,5
2176,-21.355194506495852,0.891384449910262,8
2177,-21.535660762660022,17.687325919408845,3
2178,-19.990317522419744,-30.851485284790662,5
2179,-6.199935900380198,-0.31209087770202276,6
2180,-26.638999015342044,-31.974750506048952,7
2181,-10.292633509519714,37.74788126018041,2
2182,-6.550423527010009,-35.67612399457945,9
2183,21.101358223071617,-4.018702052858367,3
2184,14.33513710409601,32.51169939450025,0
2185,-47.11406466185152,6.088333674992973,8
2186,-12.63853093590675,10.695987791891053,2
2187,-29.76110718723496,-27.7392295735244,7
2188,-3.328357192867646,-35.96211950395969,8
2189,-27.232190478572374,7.783007318224202,0
2190,6.26776007212093,-34.98990009356282,9
2191,-3.424898312291563,-3.9457018513635504,6
2192,44.37765346063969,-13.592986641296886,1
2193,-31.35172288558202,-20.1391027701002,7
2194,-13.093722024556014,11.976668726934168,6
2195,19.021944435170738,19.08226399928774,3
2196,10.184731973930626,-32.04995683621418,5
2197,34.658050700284306,-15.355648149766711,1
2198,34.43852175734401,17.554038234285166,0
2199,25.10911349308899,-0.7300434584177802,3
2200,4.9608660423598465,6.094294425515604,6
2201,-18.087637919895005,-26.648085320355413,7
2202,11.456649091766694,-41.54835400206462,9
2203,-3.101172734482122,-41.144699206474684,9
2204,3.674218183621848,-41.782312006956964,9
2205,22.998394860804062,35.139189644627066,0
2206,16.48207533234155,2.8390155137200423,3
2207,-18.53887972107038,29.38718569775617,6
2208,15.138161068014679,2.4476068232494117,3
2209,-14.95530864058536,38.74752527945621,4
2210,1.6854294436254333,-40.3026734259739,9
2211,19.54909844387928,31.62856314326623,0
2212,41.442082410285074,-14.179270386252256,1
2213,28.36640777828869,20.13548340918872,0
2214,-7.045401950502269,6.381124446663143,6
2215,28.85040996856852,14.194808896476463,0
2216,0.9815949964601538,26.981462384957485,1
2217,-10.613963589327104,19.934451576888062,2
2218,-9.772320492678539,-20.697214530309722,8
2219,33.85481539781505,-14.989580082359314,1
2220,-15.396861523677984,22.098164915461172,2
2221,18.831994543313133,30.385528434973253,0
2222,2.2923018016075374,6.324162972464073,0
2223,1.0572348061530632,3.9887202604860863,8
2224,-8.662674168113396,3.529848030348914,4
2225,32.77664737558165,16.874365345301282,0
2226,-8.448137168000864,40.70371774455225,4
2227,-9.589245011773052,8.909192175618516,2
2228,-6.052117928319176,-39.3985914123507,9
2229,-0.29820604699429737,-36.985675419180275,9
2230,-13.986100109815327,-24.08006096367298,5
2231,-2.7792888383822136,18.965775114125325,2
2232,-12.19294058734813,21.148557333517537,1
2233,-3.7814034492586344,32.820741120044175,4
2234,0.49047660727037506,-39.35679375473976,7
2235,5.527152982588474,-6.6530064320785325,3
2236,-1.9116165217909626,-27.82198981817427,5
2237,19.717094981253542,3.9966822714720767,3
2238,-6.209778343065714,-23.381050609282113,5
2239,10.691550802686796,6.432499437594084,6
2240,14.843887755099626,-33.3728167813804,9
2241,3.32709516297712,-1.726304623232337,0
2242,-29.196164315590675,-20.91917611253533,7
2243,-3.0240095304691907,18.96054937489466,4
2244,-26.49403674386936,-28.744460729434323,5
2245,30.322664539170958,20.29880217710562,3
2246,6.203757032893315,19.768527223874727,2
2247,-7.562833608030502,-33.52562515011819,9
2248,-21.238902467461003,26.00226699489659,4
2249,-11.881194651332967,42.19204600429472,2
2250,-33.891505180413496,-0.25545895032454063,8
2251,6.667422268399579,8.85215967010912,0
2252,5.267991102413865,27.601145289740323,3
2253,41.02137274965785,0.4739995698492279,1
2254,-23.8240058002362,0.9473554398817464,8
2255,42.810956233983184,-4.5662329617321245,1
2256,-18.437540560919516,28.10927101204964,6
2257,-10.189474830781565,27.884672959514578,4
2258,-44.69789382792437,7.008403599132991,8
2259,32.29212966739907,14.291918498896594,0
2260,37.288022401464836,-14.000993429051682,1
2261,30.71675079496481,8.329032615881532,3
2262,8.372594493891373,23.851670006590936,4
2263,-4.33314949702987,-23.77491907121001,5
2264,5.937886571276291,-31.62930570251082,9
2265,16.442286877934617,-36.23801447187392,9
2266,-30.299184737994434,2.2076202129608538,8
2267,1.5496778859793325,20.455915521962066,6
2268,17.42320566757733,-3.0132618903329096,3
2269,26.38844879668962,10.695374697876044,3
2270,-13.300013096838835,11.208937651380559,2
2271,46.44924937550012,5.283785207018448,1
2272,-15.815149627489806,30.516414239810956,4
2273,8.610518245270455,6.5255179518912065,6
2274,20.662407834015877,-33.03943512165576,9
2275,0.7809025103338585,-12.43555130402693,5
2276,-5.99042769221414,2.8086070821121103,6
2277,3.4304225484902044,-32.1901852960743,5
2278,-23.313919835893326,-26.10100892140312,7
2279,-3.6923134436496867,39.5398978544643,2
2280,-6.60454406568827,13.624589229155129,4
2281,-47.77687276221554,6.060764979783908,8
2282,25.631317004794578,35.73329242957667,0
2283,20.03756740621405,33.20773879952607,0
2284,-2.0823117262034048,-41.18330654871789,7
2285,-24.63214900490804,-37.012495347956225,7
2286,-42.42517886434901,6.976892455379939,8
2287,20.837353067997817,-4.800436023199263,3
2288,-4.721290775989439,30.12511622515397,4
2289,37.5023963313789,-4.214417441700987,1
2290,15.673044052474333,2.1804917401031125,4
2291,-2.1636261497632554,-1.9422520935496412,6
2292,-3.555218323841522,24.52800655376492,4
2293,-31.39587182896503,5.280767785879989,8
2294,0.2935556892490836,32.9193768183897,4
2295,16.609360901442663,14.334713948219331,3
2296,20.26665246061201,33.97865164296722,0
2297,-49.8754318649816,-1.5413045347696503,8
2298,-12.263655210915731,28.19516203181214,2
2299,-14.80435003869119,-26.216655972858632,5
2300,-27.842725141089808,-22.549139976194287,5
2301,2.874188837201952,30.043506234009527,2
2302,-31.189997826819607,3.1422377457818462,8
2303,-14.030588120548215,-16.58384113309751,5
2304,-23.344645027891332,-34.87736253673004,7
2305,11.475089575049862,-40.08455140342171,9
2306,-7.372074541966362,32.89621975928873,8
2307,46.985829605903085,1.4110842855963244,1
2308,24.322484355379196,4.0948297067863,3
2309,-5.167267062186237,5.543127623831143,6
2310,0.08816580108994304,34.61322782868066,4
2311,-24.87984754741589,-24.922189287561416,7
2312,46.32185389551803,5.1578579492900705,1
2313,28.77422009389108,38.745979842074895,6
2314,14.345463149891474,-32.003463690703775,9
2315,-10.80124155755266,15.2189854972069,4
2316,-3.760973265275877,-42.38995674625542,9
2317,23.425746875285878,13.719388224319044,3
2318,-21.829060049962607,5.379765674947293,8
2319,43.90252004765682,-9.850039624504603,1
2320,-4.419051911291261,-37.981247613786856,9
2321,-15.79662711417725,-22.636312872061655,5
2322,-12.601404582948238,-38.91964483095252,7
2323,-47.370416828112496,2.548262099422879,8
2324,-7.409808321278136,2.688100096699579,6
2325,-11.637439411710353,25.183244512998407,4
2326,-1.901914068515584,-24.99747811035065,5
2327,-19.297543984835553,16.955503124374456,2
2328,-2.087742399687225,28.794719135747332,4
2329,25.00516609688889,8.270945209262573,3
2330,13.400422332790278,21.394238730592324,3
2331,28.260483062577762,22.19766868246257,3
2332,5.933089577351147,-36.99394623023402,9
2333,-32.56111380603686,-26.154328915002385,7
2334,-7.145314468126259,2.8722083689513327,6
2335,-22.026855239404608,16.308754298995794,6
2336,-12.58992686803744,28.962285936606353,6
2337,-17.25525004558095,-23.16941664334255,5
2338,28.45722824893034,4.156509361646856,3
2339,-25.436083235417243,1.8664829823840074,8
2340,14.862899039367369,24.297354626209337,3
2341,28.09153329367518,6.61372218614143,3
2342,-14.360899296322218,20.12091369563956,2
2343,-35.72596448704781,2.083882440036629,8
2344,-48.519601402411034,1.6793677190175045,8
2345,-2.4684020398263025,18.44476831967065,4
2346,-36.79922108134843,2.617228111590675,8
2347,-35.53552405909287,2.0408070878424285,8
2348,7.5502349860512386,9.770963572907084,6
2349,-22.017237968416055,-26.822908284239674,7
2350,-14.557942243362772,13.594127439570453,6
2351,-4.03733319589044,3.0149472079498683,2
2352,-14.88414732642346,-35.48541125734105,7
2353,1.4490320000993888,-14.092997354212379,5
2354,22.834883982446865,-5.2733018789108685,3
2355,-4.919535619297035,3.4970807696577806,4
2356,1.0094059454849933,-15.416259603805601,5
2357,46.73945524105754,-1.3774296340935843,1
2358,-18.479844293160035,-27.44219821406639,5
2359,6.648013730736501,26.33404068720176,4
2360,-24.546663985076357,-37.416994342620846,7
2361,17.79710952390763,-2.40734698647306,3
2362,2.8406557134280006,2.586455409407297,3
2363,27.80711492615662,20.376080999513157,6
2364,7.829627819648666,24.18333325841163,4
2365,29.249813320510412,17.64476699570807,0
2366,24.889457642664063,12.140654634418508,3
2367,-7.8416883057846745,-1.5596359729765128,4
2368,-18.644621185487598,-21.030354729928973,5
2369,44.528869875804375,3.7655585945742422,1
2370,41.877893013206304,-15.503418662198744,1
2371,11.526145284355744,-35.02782647108132,9
2372,9.573873519057349,9.580630271613233,0
2373,-4.204144219658967,4.9048875127907925,4
2374,15.415980973088612,-36.87112000721173,9
2375,-6.227188422240301,-0.13502139688457118,6
2376,19.403699674847125,14.562960764393381,3
2377,-41.46924362595946,-2.509654571578664,8
2378,-0.2739139380560678,-20.7312429806813,5
2379,-20.75514190781196,-0.2260994734173905,8
2380,15.930120306640475,16.298104121798165,3
2381,7.15868571615633,1.1941676609264396,0
2382,30.47434692720748,11.753508942762531,3
2383,10.947701735647005,24.49913358222002,4
2384,-11.394109623545651,7.768192576642971,2
2385,10.024782683026302,24.763422988785766,4
2386,-19.200103173099844,16.96688244416096,2
2387,-24.59671678428136,34.48890855318067,4
2388,39.42338138638639,-14.260524353623234,1
2389,-19.41795078618664,-17.39398587158956,7
2390,-15.97739370570788,-18.63304623308369,5
2391,23.95192415627995,-2.405978367598156,3
2392,3.1831252362592934,-40.17901489403879,9
2393,-7.328802410745611,2.022869375903557,6
2394,1.3620875376945034,-5.390327124584525,0
2395,26.458454310084257,36.48985845427026,0
2396,30.618595938290454,12.19890117962055,3
2397,-8.078901797997196,-2.167198754838657,4
2398,23.832334175723112,36.13512252742164,0
2399,-42.7511351213467,-1.6972225123260278,8
2400,-15.950198636666498,30.7428565159169,2
2401,8.583930792765745,-2.5656215760734415,3
2402,-3.6376744274903703,-44.909903106035046,9
2403,-6.740830785376571,26.173922108689005,6
2404,2.240656501547974,-34.061208975549064,9
2405,-22.12123327658266,-27.173688656821096,7
2406,38.670957217919394,-6.384938714719194,1
2407,-15.803325159100687,-38.40693403093963,9
2408,7.2905744965539165,-34.701245541642415,9
2409,-21.645668045105346,0.5400863127131517,8
2410,-24.47410763650849,2.92175024512324,8
2411,21.405955609345458,-33.610707192858705,9
2412,-1.4172262782317528,-13.840142577498654,5
2413,-8.004073329991881,8.527676230518113,2
2414,42.62665316393683,-12.588514965522997,1
2415,30.14030808338489,37.04584850698898,0
2416,38.008605382016675,-4.782936998996923,1
2417,-11.683441241236618,26.657006496421157,6
2418,-1.1320467325454522,-42.45775345555336,9
2419,-16.42578606608516,26.663846116374955,4
2420,8.04426028151999,7.59055167855468,0
2421,-15.024326961986803,19.167991985383985,2
2422,43.83767008131958,-9.707416428747216,1
2423,18.213382519938975,-38.99362520251241,5
2424,0.07127822073916187,-2.5169325688565607,0
2425,23.45398960738417,35.9971630649906,0
2426,-42.527782158474665,-2.085143083266846,8
2427,-20.942883453947335,-27.44575839759482,7
2428,-41.661352979231545,-1.4965465003879104,8
2429,-11.238484673531852,26.083531029866727,6
2430,15.107744098798275,-36.58699756322407,9
2431,-16.99481594827126,-27.31692513248903,5
2432,-13.10132833732846,28.196480650944245,2
2433,1.5710706287792464,7.827111392283668,1
2434,6.984124880909982,26.028560009603037,4
2435,31.866671048048133,-12.861430309451825,1
2436,45.13770502524349,0.021565744087705313,1
2437,9.56547413976149,0.34432240801719927,6
2438,-5.506597435914012,33.82345792532209,2
2439,26.25827701915374,37.66115737247614,0
2440,42.15518191668805,-13.625574398394274,1
2441,42.29136008674928,-6.453805360722628,1
2442,7.249159903928977,6.769667784518834,6
2443,-27.022426647065934,-27.29964617529227,7
2444,8.885732804356676,10.787595401061209,0
2445,19.366870293842194,10.426151164863056,3
2446,1.616213818082522,-41.60418008840212,9
2447,0.1581158382077532,-41.33711497402226,9
2448,27.936191150252636,-0.012110851925028546,3
2449,-29.21463096282848,23.04303226165411,8
2450,46.925375112908675,-1.898217894910346,1
2451,-12.927336871390024,11.442706175095644,2
2452,-26.435304755775043,0.8966158952883597,8
2453,34.473545320277125,-16.6413440515352,1
2454,-27.81935544893159,-35.82115971096487,8
2455,-20.50974068850836,-14.923132293099194,5
2456,6.947675827227407,-38.18409643534915,9
2457,-22.750876426661122,-2.40128088041368,8
2458,-6.319688008433318,38.86977205247362,4
2459,44.306612882173354,5.154591250525495,1
2460,18.21387938613441,30.329106636873494,3
2461,4.982199205020071,29.121002489408436,4
2462,-3.071536896593367,-23.261825841332485,5
2463,-32.8723874993917,2.214595558683802,8
2464,-49.43867489252592,-2.6017287353408656,8
2465,-1.4515962540860607,-7.21489522956409,6
2466,18.587068227275985,-39.32846371822977,5
2467,19.015634789687354,31.806879471223226,0
2468,-6.493692100409776,-39.93299815800981,9
2469,45.09635222430584,-11.623313774859454,1
2470,-26.144430551237676,-28.886755646764193,7
2471,40.49091385800183,-15.16782383943294,1
2472,-42.75650778331288,4.6981173646313295,2
2473,-10.414670927028267,36.77202176878241,2
2474,15.079169324027985,-0.574248123374304,0
2475,13.3061212438413,-39.35554706071476,9
2476,31.159886133256613,21.557954204242687,3
2477,44.969104443826474,-10.823138564803239,1
2478,-46.46010798637492,4.046451249128421,8
2479,25.263407128430977,9.799708422644848,3
2480,45.53911333502746,-5.178966534133409,1
2481,5.223148883444233,31.047806153233953,6
2482,-27.957292996162447,-26.77639894106085,7
2483,48.895351198696844,-9.637394862595444,1
2484,31.675464382643963,-14.660066292259817,1
2485,-16.796497280241077,-17.9958969606509,5
2486,-1.3448527445047047,-21.909249666951627,5
2487,31.436943687201417,23.214548263652443,6
2488,32.23813255192629,23.266789304134804,6
2489,15.368241286414575,18.37481631944991,4
2490,6.335849728479935,27.400792958775913,6
2491,6.660021276390395,-34.063450331201686,9
2492,28.94476589484304,24.24919815041003,0
2493,-43.04650566174993,-3.848359684662825,8
2494,-3.2295429392681583,18.331967812071024,6
2495,-22.281101865295195,-21.404797629820465,5
2496,-22.6709970374188,18.30593198721716,2
2497,10.629856986851474,-36.57193904377446,9
2498,42.15151743850681,-4.194203945552451,1
2499,-48.914319674240225,-1.9194745434781348,8
2500,-29.592520204338,2.6379181046775826,8
2501,24.545514969664936,3.1780944823684685,3
2502,1.6736613078314517,-13.634067058800468,5
2503,-16.428105279729174,-28.60711222617852,5
2504,19.43626627094045,38.33157677440711,0
2505,-25.494909937948364,1.3326477082978647,8
2506,-45.04147502811554,1.9300946040229487,8
2507,-11.290659833735333,-26.3128869852207,5
2508,31.677947648283958,7.486582878842312,3
2509,7.4510112563348985,0.9001535775710592,0
2510,-25.428924570110723,-26.337146874136725,7
2511,-16.779144682880926,-17.18218345322923,5
2512,-29.98725123219002,3.5720784478377814,8
2513,12.760575525005091,32.84007803923735,0
2514,-15.100849550801977,-24.152101008876976,5
2515,20.682905727879522,-1.66955919127125,3
2516,4.000971630679588,4.772060837966682,6
2517,-14.436347126675564,36.5143904306468,4
2518,-4.103578826219192,2.798923056094352,2
2519,-47.63373017735327,6.977382129277064,8
2520,24.73992854521801,5.9166147030720815,3
2521,24.194259787986564,33.77715538316375,0
2522,-25.99755944896002,29.09283770313684,2
2523,-23.784816327497047,19.783569861258023,2
2524,-6.5713881332165744,-5.629178174499778,3
2525,8.675907501364904,27.35562724552961,4
2526,-17.140848570672865,-18.929263274350497,5
2527,-1.881891799439294,-47.53246676392354,9
2528,13.452225682040908,-38.782858435341,9
2529,-7.494408383828228,-0.527239765697661,4
2530,-8.437140573905506,-39.00609123795807,9
2531,-32.66713629002549,2.8881669680494344,8
2532,-8.620353957693922,27.66336440589825,4
2533,17.856130009431347,-4.472214170164362,0
2534,19.9492936709892,-34.76080783710013,9
2535,-14.600514214682384,31.022961749466763,4
2536,-20.30668828292355,0.7297817351077149,8
2537,-15.397771136372679,-39.564668708183206,9
2538,44.50899619088374,-1.0784136160499675,1
2539,12.401749382698936,7.950375018583055,6
2540,0.5306094623322524,-38.74170372943707,9
2541,-7.108577998301469,-31.650481390959534,5
2542,-25.005291731009134,20.89278366719747,2
2543,-24.065026088498957,-37.53644459438926,7
2544,-23.197280073385606,-34.619169435801204,7
2545,23.800402010471014,10.275086751527184,3
2546,26.48807183800088,-3.99922808859595,3
2547,-12.687491415726951,13.784024739425801,6
2548,41.52652529358463,0.7607112108969488,1
2549,-23.129849114201093,27.577176019251837,2
2550,-10.534786497786307,17.888771436542847,2
2551,24.658172798734682,6.834009840398099,3
2552,-8.228353148381771,31.901531619138407,2
2553,20.597581393982217,34.99311810132588,0
2554,24.22447680439347,35.015794523104056,0
2555,-4.765352307054381,29.706234236335984,6
2556,11.92184446260656,-32.218145928777965,9
2557,-20.372130977253157,-13.998899924870386,5
2558,16.81667442198116,-34.279016853085395,9
2559,-3.6558742981704424,-31.63290368463291,9
2560,7.2537017350125526,2.203918366477053,6
2561,-9.00331697034472,34.937460836577294,4
2562,19.80158823234602,18.295472870593287,3
2563,-43.52576317447166,1.378559304814958,8
2564,20.074410525406318,28.295665301931887,6
2565,-5.951338461365339,5.161867639046835,6
2566,-19.969493739580077,-13.894996862078026,5
2567,4.163121296454404,-40.65842246813711,9
2568,20.375571897222315,20.14251153251211,3
2569,3.03657058430485,-3.487333841027525,6
2570,19.6130516908294,38.4611810203995,0
2571,-36.43881307304163,0.9311048489619506,8
2572,-4.950591698338492,-20.127068586261732,5
2573,-17.719678348766706,-16.858009905179497,5
2574,43.628665359708805,-4.941348866423497,1
2575,-4.650356732363774,35.44328146063935,2
2576,6.9900343714999575,7.900483927479746,0
2577,-10.084537670584192,-22.22593680485271,5
2578,48.89062922523264,-9.844300455439729,1
2579,-10.369143828640224,-40.90291429633055,7
2580,19.104411680742043,11.532708039035027,3
2581,-10.134568705088935,-0.6218114786740956,2
2582,3.861601870343309,-35.72402366593646,9
2583,47.69530709453138,-2.8746482971760625,1
2584,8.251408358766763,26.620584875077967,4
2585,-27.673061897528314,3.3203292856115105,8
2586,9.655294175232983,-34.2393215801332,9
2587,0.49538919939886,-32.69801337802978,9
2588,33.06065458419142,16.08827406806521,0
2589,-8.426044051673637,40.9470183874564,4
2590,-11.282102029914178,-27.177256550177958,5
2591,1.527076617703351,-22.31391907861892,5
2592,-2.019241536142223,28.090749131108538,4
2593,40.522211637879394,-12.725981071729203,1
2594,17.820289919560587,18.761297257189074,3
2595,-14.114755635040895,-19.37886053491432,5
2596,0.28945358766309653,2.283094355976358,8
2597,-7.910809871358837,6.10290287411744,6
2598,-26.25428260405461,-33.23221498596103,7
2599,-12.085302311659452,-26.277554037980057,5
2600,-16.26755166500958,-36.605299077227755,7
2601,0.7825691905382486,31.10168002332171,2
2602,-16.244664940116902,-18.93125968174001,5
2603,-14.944482815967788,7.337851627503244,6
2604,-16.34169417305009,20.320052586359232,2
2605,10.486539358073871,-39.75519379730709,9
2606,-30.555984622593154,3.490932094255454,8
2607,-44.00912462368844,8.108869168199272,8
2608,-2.711660612897855,-40.19643341532933,9
2609,-2.0214039238439594,-47.41012996628186,7
2610,-2.934360390195696,-5.364384288522314,6
2611,6.917399835429628,10.92572840682683,6
2612,-15.867496179346606,32.6276762738939,2
2613,26.532071571817976,-5.160376108051107,1
2614,7.855301492583058,16.20529079866167,3
2615,-14.929192139299811,36.44414741017774,4
2616,-42.55386768000647,0.6451825754705547,8
2617,1.0271445201298994,4.089355950371576,8
2618,19.511511062567525,20.640390586532895,3
2619,26.917335573983376,-2.861119629725772,3
2620,-3.930246450659953,-44.23845840563376,9
2621,-41.65190060349776,3.6730879677906927,8
2622,-14.389080716126491,-35.11302668304585,7
2623,2.119966027850268,-5.588555514198272,6
2624,30.398515659121514,5.913377445115783,3
2625,-1.0539668441410084,31.93741774861489,4
2626,-29.299934188222274,-34.120250157440296,7
2627,2.6593977338879915,-27.21619266950414,5
2628,-25.067737055709443,0.007597348165679258,8
2629,25.442846124368607,38.72019757157193,0
2630,13.261193945611002,17.88522704411518,3
2631,4.330632385579795,-5.718174937319478,1
2632,-3.8109605606515724,39.53862347780346,2
2633,9.911593961102431,3.672403401958072,0
2634,-4.132393749004654,1.4602121008713762,4
2635,-1.5908233612245708,30.559506546323398,4
2636,0.29154934743453664,-32.39940140306392,9
2637,-26.66916524252748,-26.74875648429375,7
2638,1.5584628013872375,-17.516538739504167,5
2639,28.195098997669092,37.352184912496845,0
2640,-20.967857724359803,32.558499741876176,2
2641,18.668908861423724,19.38199287720239,3
2642,-11.08282493230794,29.029628577033698,6
2643,-13.696618549752364,-37.93212637663058,7
2644,-28.950529684809087,-34.86633927496902,7
2645,-24.710114324998724,-27.90848345043469,7
2646,8.242491822076778,6.966937552537391,0
2647,-6.871957681034218,38.64850429237941,6
2648,-18.994732894697755,27.592158284062247,4
2649,-29.04305324414398,-21.123649172283823,7
2650,21.818304778459485,-34.61392249117757,9
2651,-49.601532612356095,0.48485964099935513,8
2652,8.075744421605737,-38.66865884331273,9
2653,-34.72358874235998,-0.5811899973402624,8
2654,-2.4219451303288606,-2.904441115492042,2
2655,-5.08429264806626,-38.694951921390015,9
2656,-19.91947198053171,-12.567556771925691,5
2657,-26.62328926560166,-0.046384383252451235,8
2658,0.7154820474102624,-38.63173806484621,9
2659,-29.243026605012734,23.34770182479418,8
2660,-7.28357316236837,18.92512206782659,2
2661,0.8533705141001127,30.8703562504038,2
2662,-1.7681958525794639,-2.3694338858181108,6
2663,26.418917326765243,31.591845091819188,0
2664,23.604333836560144,11.266084987099719,3
2665,-4.7732049079604755,-1.9147777398166006,2
2666,-10.890532392305936,-41.849788737383705,9
2667,-5.00740843665985,40.79027375233777,2
2668,-7.30285531267888,-6.291648812266067,6
2669,-31.903303480430466,-25.88243072389437,7
2670,11.63352413685172,18.569106870195345,4
2671,5.653190933553636,-5.377253070346158,3
2672,-18.879827211141563,16.73394392867855,2
2673,-15.34138005623754,10.182827635399,2
2674,-4.455613175502524,17.09471871167952,6
2675,13.54805607377239,-34.826267027242416,9
2676,34.46961141634098,-15.816866907770585,1
2677,-25.693839228882982,-0.6684332199936993,8
2678,-13.92939462864403,19.438080563633253,2
2679,-49.04734758205641,-0.2319647872801416,8
2680,40.65299461416832,-2.4181217064882228,1
2681,8.206257946986991,12.02904108355345,0
2682,4.037639506593764,-25.098761450476108,5
2683,40.96505437223215,-13.203014611398213,1
2684,8.319228124539283,10.952664566607332,0
2685,3.022022579117679,31.23766651899077,4
2686,45.8406947827649,-0.5206810601369334,1
2687,1.3738984683061055,-6.681448365940125,6
2688,15.500652091931345,21.17952547979598,3
2689,-2.7530841304026,11.250103824227804,6
2690,9.352396134610935,3.856977903586208,3
2691,-5.002341262345026,3.8720544035697513,4
2692,-11.64520005798933,30.229916367956953,6
2693,-20.215816405766425,-39.19204500746461,5
2694,17.658357944866687,-4.8199086319093185,3
2695,-10.04683617242614,-38.741643806650714,5
2696,-3.232764265772668,38.362600239240614,4
2697,44.40770038571978,-2.027995289576335,1
2698,27.043353526212137,17.108982117494783,6
2699,9.23761754080073,23.38059634919996,4
2700,-20.356026576703794,-23.721259733243286,5
2701,-9.159470977544478,8.592741064795451,2
2702,-31.49402278466447,-23.484169655219475,7
2703,9.860512784299548,24.549368076951215,4
2704,30.482332526528985,40.0179538645808,6
2705,18.185243550300523,19.080455714791825,3
2706,-5.26527085141465,-43.1285812338308,9
2707,29.834899229119312,0.709752214457764,3
2708,13.686470174652912,-36.3097030970052,9
2709,44.30281476724931,0.4779160066875085,1
2710,-23.839839788263493,25.475042781133382,2
2711,-19.957489785657522,-23.233839424222506,7
2712,38.18431022654974,-6.259242020660949,1
2713,-43.97492279742714,-2.622116921935842,8
2714,-20.314722143333388,-14.90000028228006,5
2715,10.81707677324399,8.11475352334775,1
2716,-8.555989073664826,-20.3119949577682,5
2717,-11.862606271996736,42.29344923545118,2
2718,14.786470979593696,22.055981826008512,3
2719,12.582993250997703,20.328843665592572,4
2720,34.676514891197485,-15.546939213623988,1
2721,-14.073286958662692,10.728421284244522,1
2722,-9.319301817752416,10.878643448822993,6
2723,1.0635255054810318,24.037921719331056,4
2724,-21.780803231834376,-35.49843934442082,5
2725,-11.307031957739197,-42.23494726714582,9
2726,6.436165093265481,-35.83232473025147,9
2727,-33.689830213985985,-31.733830335443432,7
2728,16.305317656836444,22.752368794478457,3
2729,8.249458748413907,4.173892877989033,0
2730,6.888673901753635,29.537903751069923,4
2731,-30.365067964369278,-33.09803007258301,5
2732,-11.05813233571022,29.977030426848195,2
2733,11.382975260056275,10.032931320263513,0
2734,-24.733679158531846,1.7470091475416119,8
2735,22.285672166871382,-5.664064756245576,3
2736,10.056984584809888,-32.57031516544057,9
2737,-13.605319561242354,-45.51944210994485,7
2738,9.163449288032217,-33.05590475162848,9
2739,2.0749271401676035,-16.938508416782458,5
2740,-10.803314288066913,19.491204842159238,2
2741,-25.55686548271204,-0.294142256360239,8
2742,-44.59800891795443,5.678604605856808,8
2743,-23.787686930049887,27.88894477121118,0
2744,-20.609076689765335,3.299181742508969,8
2745,-30.009654242948347,-18.59851508318386,5
2746,-1.6345948104136574,-29.864658267391626,5
2747,-4.924826680507448,35.44421806395744,2
2748,33.56376586709982,-13.769607531488985,1
2749,-4.048559741914458,19.716038774118122,4
2750,-18.067033715333697,-40.47849021896677,9
2751,-22.425258684795534,-33.877209582828925,5
2752,46.449667498210694,-12.210101439505628,1
2753,-17.508877367537444,-21.500613618385625,5
2754,-17.696795198389744,-21.55293233522246,5
2755,12.654600874067379,-37.690828615584536,9
2756,22.296006208097783,21.337197011528247,3
2757,-16.42927747838609,17.017581250082923,6
2758,-15.764075140931514,-21.207624479643624,5
2759,0.4727221870189878,-17.723318637575026,5
2760,-19.030650336630945,-20.75824909745444,5
2761,-23.287173741382173,18.62660236136519,0
2762,12.297923715709139,-36.56554232619038,9
2763,19.16316865776728,32.707502394252536,0
2764,41.902911879906846,-4.361808014967221,1
2765,-1.5492879379428737,26.238862323770004,4
2766,-10.885214951613522,23.509663962600854,4
2767,2.442465942387925,-40.753436971390855,9
2768,-23.130061512665844,1.3428370009011572,8
2769,26.914392251108996,4.355958450790934,3
2770,20.149674382509815,22.16224696800031,3
2771,18.24617430609426,-32.700628670662255,9
2772,1.0825004501513482,3.8111328338392005,8
2773,7.823294437487311,24.58488762649086,4
2774,-32.12798392689082,5.3681748822419015,8
2775,-34.17838256588403,-28.589818736513696,7
2776,40.75717711642338,-13.023525580960824,1
2777,-1.4469712799053043,30.699983780917034,4
2778,30.311783960177745,0.5810849436116315,3
2779,-20.471313060980567,35.41867819818951,4
2780,-44.3648217650575,-4.312520483706963,8
2781,-23.448201750543387,27.762565827362284,6
2782,-48.52974136646769,-1.5967830820364588,8
2783,-0.8312722377503574,-39.200469580977504,9
2784,19.662662927532285,12.615818088082273,3
2785,38.24459129726896,-10.784137111303604,1
2786,-18.246196641870128,-28.2931960163026,5
2787,25.340971342336385,41.24168259112511,0
2788,15.340876194393342,21.04652734806504,4
2789,-9.574895681041495,30.252114773872346,6
2790,2.020559622659495,-18.595449161682488,5
2791,46.49800867645185,-14.292477757714156,1
2792,-16.34246993301914,-17.663747880986,5
2793,19.521804834591705,11.199603557870077,3
2794,-48.211570699657884,-2.419948597833817,8
2795,26.570714329664774,-3.9803283795215614,3
2796,16.021337057625736,-38.04486331657146,9
2797,-13.567006539429357,-40.36032426359884,7
2798,5.032252061769269,-33.01416270863144,9
2799,5.229689952020002,31.152834070020436,4
2800,-12.95089320024913,9.713526686493742,2
2801,6.717606047144164,1.8763071638512625,0
2802,-26.692361793466734,-23.22016098775123,7
2803,-23.824186581111267,-36.08002662480536,7
2804,7.44953995674046,23.221567248527762,3
2805,29.00006114561951,2.2393405126179884,3
2806,8.599134652259151,23.623959004100183,2
2807,-4.754331522985757,26.065605284442878,6
2808,22.385671384670886,34.57189071852189,0
2809,-0.8359245715571039,-42.30079583826738,9
2810,11.851032031113546,-40.43349194637158,9
2811,1.1967762124504546,33.0310049676568,4
2812,27.45250456979251,10.81934334872906,3
2813,11.04088001073537,5.815347672144158,0
2814,-31.922221835403107,-22.95270333085558,7
2815,40.76832044173272,-4.284180017982786,1
2816,-1.2708124032611443,-31.379307162913182,9
2817,-33.08625486515206,5.2395978093103714,8
2818,-19.901118364455257,35.68203650068744,4
2819,-10.851960286911996,6.549348471911099,2
2820,5.622787723564576,1.5234354879565262,0
2821,5.740943307419362,-38.219012022673766,9
2822,-27.732534738847498,-33.74854975434452,7
2823,0.12489661689800531,-37.1387056001848,9
2824,51.258998648765356,-1.6521131235160853,1
2825,1.9239201351836095,-5.68685262515648,0
2826,-30.57086642915888,24.57533068767567,8
2827,-12.50270532237398,27.352275425499833,4
2828,13.004190035074796,9.425403110434358,6
2829,-5.329473421962045,-2.323241497241146,2
2830,-3.840818314991034,-32.11505712535718,9
2831,34.895866990747415,-16.04331569560809,1
2832,5.454029907848786,10.81116520703544,0
2833,-28.902495527756404,-21.133700777223357,7
2834,-4.271199188658294,-36.97361702054323,9
2835,34.95757205169232,-11.48081357654793,1
2836,-26.751895784496643,-18.95079612660188,7
2837,5.2233665496927975,30.395497121573378,4
2838,-24.184978219647054,-24.064272108017146,7
2839,33.59341655474411,-11.121157228725462,1
2840,-6.878225039644571,4.690096145298111,4
2841,-22.469998282565104,-1.1083812320648632,8
2842,-49.36184449204575,-0.042562921626670434,8
2843,8.69801588114493,-0.40234085104582334,6
2844,16.273281991173562,-36.932305399586994,9
2845,-1.7853384523719358,6.580296375602888,2
2846,-8.634416494148892,6.674794562903187,6
2847,-31.285719047333483,-22.7869386550547,7
2848,-31.05469911374085,-25.051982346957594,7
2849,-6.9126673521916,40.54966778559603,4
2850,-17.265377719656094,36.43678399623036,4
2851,-20.05060896470727,-22.71348097855092,7
2852,-1.8860598773776818,-41.76972263062577,9
2853,0.8101779686142957,-4.580385363128796,0
2854,-6.130645872299166,4.406310523494366,2
2855,-18.998648235362584,-40.386353164154116,5
2856,-18.746191016917727,-14.60761019156125,5
2857,32.062375590564,-14.079477022657402,1
2858,28.361943298251724,33.07318186068416,0
2859,9.042433885001902,4.673044489383999,0
2860,-13.44145342191484,-38.28899338927373,7
2861,-6.148413301405322,33.16655329118388,4
2862,-12.43722677871676,-37.88217963666869,9
2863,-1.501282538086838,-40.54692077842447,7
2864,33.94575857999972,-15.497316375662411,1
2865,-34.597651767294174,1.306983615326825,8
2866,-39.291084140007996,-0.44298171046826684,8
2867,-13.285058244624565,17.96220240067906,2
2868,0.6398618748577204,2.563222545890437,8
2869,32.10794830368191,-11.555621221690918,1
2870,6.99877316157855,6.7405777345552655,6
2871,-35.358608592893106,-24.5504279747892,7
2872,47.86453823605096,4.656210021990335,1
2873,-2.113256823949143,28.307026712161722,4
2874,31.26371185465103,6.213891232517326,3
2875,-12.030514303869854,29.709279285951855,6
2876,25.115853295281884,31.770638859036065,0
2877,4.409258433927055,6.987390583169147,0
2878,31.563299388300532,16.64894025014625,6
2879,-29.770761292782492,5.532544941065925,8
2880,-10.66864274502095,38.51692744407417,2
2881,27.71973259968762,34.457280393086016,0
2882,-20.000052830217225,-12.523920789827313,5
2883,-7.873417913673722,5.490576499275499,4
2884,-13.64146349124743,24.935509337872436,2
2885,27.818284942715973,38.82686230043523,0
2886,-49.31171518106761,1.0991123826135922,8
2887,0.835719946473298,-22.513252922694683,5
2888,-7.362802438597571,8.41490922388468,4
2889,-6.148261839471903,34.23467522764592,2
2890,-28.61458377591315,-29.099614425848657,7
2891,40.65295085721936,-8.934667962149307,1
2892,-8.63188416522014,-22.80400501129918,5
2893,-48.52680768493267,-5.052621403992446,8
2894,-49.25069626118598,0.23460032131029765,8
2895,10.969999520065754,10.39802650561914,0
2896,19.28428780726465,-35.10116827855398,9
2897,50.51275129980703,2.0267484806412557,1
2898,-13.881316258759798,43.393093841537684,4
2899,15.909633416878167,11.281696707324658,3
2900,20.127126353302536,15.308775492782862,4
2901,19.953333656992967,6.8292511909939035,3
2902,22.723856487657283,-5.255070984470896,3
2903,26.228455032922742,28.53160034355136,3
2904,46.23882619556374,5.275827847310066,1
2905,-13.271184217284475,-24.404915367864064,5
2906,35.45242207676174,-7.2848305731084055,1
2907,15.052464957816216,-32.2787636097202,9
2908,-22.311252609361542,30.247084368008508,2
2909,-6.85517679379782,25.367290568769103,6
2910,-10.52417574583806,36.234784657656505,2
2911,-32.077598635543545,1.7670973167887327,8
2912,-10.294448549970655,16.340531705413063,4
2913,-1.712631781136887,-4.28400303824195,4
2914,1.104919334085903,-21.85936432465282,5
2915,29.95133689005578,17.68194089253429,0
2916,-7.846398557762645,12.386624613965406,2
2917,-15.827202839646791,38.46599461537685,4
2918,-13.87464704297729,12.643963146120777,2
2919,24.102640785124716,41.24162843230872,0
2920,-27.284394383101393,-35.045966994654044,7
2921,23.356926935043333,10.832765753590522,3
2922,0.1576394637428321,31.645409412416033,4
2923,22.383463302132867,30.67315769605279,0
2924,-48.65393156983191,1.4133209406452905,8
2925,-42.727898384094594,0.2945294721177469,8
2926,-5.75359336301689,-31.595910599897994,7
2927,-13.905308372936473,-25.237240922160595,5
2928,34.142351049750815,18.870249489403545,0
2929,1.5737271438351574,-42.34126957243995,9
2930,-3.252634393806889,23.490013885804135,4
2931,44.64761557589838,-2.2319117020289267,1
2932,-24.03126013056182,-35.032683907123825,7
2933,-20.871477615581117,-14.871544150486823,5
2934,24.2131780813867,38.39711908666477,0
2935,-13.58397490658425,35.41862644074807,4
2936,-20.783884774365404,33.19231475036415,2
2937,-0.32439028926979124,26.305206985422345,0
2938,-46.64479848345667,7.174714871837782,8
2939,41.06586075794572,-13.39170747626563,1
2940,-20.144121790325826,24.075401136129308,2
2941,11.502941486533755,-35.07578947599879,9
2942,2.5185862629532325,-3.2591793950641046,6
2943,1.9719828436060725,-22.675099972171687,5
2944,2.110125134363226,27.768920628727685,0
2945,5.925026883585149,-36.540386311596386,9
2946,23.886880393550936,-2.101478798283977,3
2947,11.87665348864247,2.544831248146178,0
2948,-23.829236916465792,19.76167572120895,2
2949,7.568319483342134,-41.35107601755623,9
2950,8.809811895914164,11.881786114901638,0
2951,-11.19011443177853,-24.718823303943868,5
2952,21.276419938075435,-32.8350870171692,9
2953,14.059607078311068,10.182682959463804,6
2954,-3.27486180377063,-27.756295774599053,5
2955,-20.892533891992755,32.83170421005049,2
2956,46.44750972612536,2.979111306458974,1
2957,-15.69238679858833,25.180601915033115,6
2958,-3.379329426559384,17.30858305235503,2
2959,29.17197969116873,38.209442112763575,0
2960,6.51484583461415,10.474845270139689,0
2961,-3.937977858400597,33.52843053966609,4
2962,19.93320031858265,-3.82510198517318,3
2963,-12.582759168439281,-26.915696306007884,9
2964,13.872502859889314,32.5292880410752,6
2965,21.69156664902861,31.340695701196957,0
2966,-50.10038426281755,-1.261159675802402,8
2967,-23.713067464313454,-35.7529235998598,7
2968,-24.693261333020622,-33.78952698040937,7
2969,-22.452469582826065,-15.266180487050464,5
2970,-15.757370306240592,40.48888585474594,4
2971,12.765437804122127,12.301909506657354,0
2972,-17.525247550016736,-22.886065260292526,5
2973,-13.899831562052498,31.652224967172042,6
2974,6.656146235783622,6.1576700648871014,6
2975,-29.421477983323395,2.6530533637472966,8
2976,49.422845426060285,-1.1786566942960808,1
2977,-23.901646490090126,-36.60697400769577,7
2978,29.509768527714936,29.405713566393896,6
2979,27.411196307572805,8.76828515923268,3
2980,-33.61817702371646,-27.14021977530877,7
2981,8.41234975876216,-34.60339990671098,9
2982,15.330862291456215,-39.52514435224264,9
2983,-33.464462137117415,5.30949191488996,8
2984,2.2187675104656464,33.44481673390804,4
2985,29.4829888036192,16.635916935969263,6
2986,7.374316371980775,-38.11741218719959,9
2987,-14.211418096861541,-16.5195003853091,5
2988,0.7933710534500399,-33.433495620140235,9
2989,-27.36029669022028,25.71600954197885,2
2990,-19.04702292737356,-24.098119425991825,5
2991,26.149361759587773,35.83961674277604,0
2992,-13.060333646206079,35.06208585611251,4
2993,6.0153738224971525,-0.709207454730422,8
2994,-24.989493752227567,34.73600351056764,4
2995,44.94587676006241,4.858962491748482,1
2996,11.416324228858116,-39.92295687980618,9
2997,21.21323438523127,37.392725658862155,0
2998,-23.708708946991045,37.174830740508185,2
2999,30.918009719948483,3.072653367026937,3
3000,29.17800640534872,21.521038423449696,6
3001,20.664564198403188,31.66172698103785,6
3002,50.44237060101896,2.2178695455667317,1
3003,26.310804766744997,37.63709885287584,0
3004,-20.216696839144145,38.338741335588416,2
3005,-31.23361428276752,4.2353265840412515,8
3006,-1.0631389257474773,-5.813870224642889,8
3007,-4.373831648261542,-40.085446754514976,9
3008,46.117206756606706,-0.8380783151089932,1
3009,6.850539496163984,3.9699660932380776,6
3010,-31.54976033524888,-19.731235901017605,7
3011,26.180927752451314,33.46120293577165,0
3012,27.524344659501484,10.7920781169597,3
3013,-30.217105989892683,-26.622917441790793,7
3014,-4.847451441171587,29.409755288949246,6
3015,35.28629702760264,18.69010655809011,0
3016,-33.23402508110835,3.854194186568051,8
3017,0.7014621087886659,30.995485303898647,2
3018,-10.865385503666008,-21.657065222268777,5
3019,21.2682810261435,-2.8721789844957906,3
3020,43.5118641073532,-9.429685779614404,1
3021,-17.1451102801273,29.287128451912903,4
3022,11.79025080124521,-38.16210902961033,9
3023,0.7460255800498686,3.582141293297317,8
3024,15.747999548740479,-33.29330293143966,9
3025,-15.692707246043769,-27.211575602570246,5
3026,10.688416768425476,-39.809783594419535,9
3027,-7.300835902215289,25.148977405470013,6
3028,-12.40699277259958,-25.402071697368875,5
3029,-28.247433130409185,-29.763957000097754,7
3030,43.09190004603772,-12.18816296016282,1
3031,-8.064177398958003,-34.21078560398425,5
3032,2.509322774803391,-41.517311331294074,9
3033,-19.163667819921052,-16.010874828392602,5
3034,3.265168064934022,-14.426924004942677,5
3035,-10.192236068706814,26.332756321202076,6
3036,27.314147369643496,18.331919359372392,0
3037,-31.034459479147092,-23.232065476814988,7
3038,-24.550492709470877,-0.6474077489582376,8
3039,26.179030807591577,39.933505905102045,0
3040,-6.847644458229218,5.9195235079080915,6
3041,12.778723709211983,20.150026232518847,3
3042,-18.500758392456692,-16.710607180551943,5
3043,-1.6067192539184363,-3.0470889937114882,6
3044,32.30119078649568,-14.944865346815847,1
3045,-7.362280904184235,-1.4505115224545648,6
3046,-20.08173358009958,-21.997718451211604,7
3047,-31.499971831257472,23.14942570950474,8
3048,8.359059122325528,-9.47518754174245,5
3049,3.2820169774776438,2.8649920228577805,6
3050,-17.295326749551702,27.582003309558484,6
3051,12.218851697524947,22.37574519149195,2
3052,-14.365253438037232,23.221715839857247,2
3053,-45.7015622384011,3.854288100336014,8
3054,28.59248093027234,7.8071507193948495,3
3055,8.38134165722234,-35.596570100081564,9
3056,-8.633507027417533,7.722135512954897,4
3057,18.09944631874655,-0.7805798835947573,3
3058,-29.400142666271865,-22.998677464602853,7
3059,-16.411806686788523,19.673521174210844,2
3060,13.234292693112534,-34.66205630097625,9
3061,3.31051235061622,-3.1892073146283177,6
3062,31.359725481532248,16.900473603117515,0
3063,-28.99465314843456,-33.28369846523261,7
3064,3.0203693229064603,-41.736241296709544,9
3065,-32.32040506381897,6.272409445343602,8
3066,-9.13096815165297,-23.245816057346783,5
3067,29.144417064438386,7.32509141122905,3
3068,-15.71275756517013,16.878696917890228,2
3069,-25.39425185957101,-0.6696165434978304,8
3070,-6.0767637026773516,36.76996968488021,2
3071,-29.64077754017609,-22.729371486070367,7
3072,-3.5602094621968825,1.1478357269081236,6
3073,-16.41990964862589,-36.49635761323398,7
3074,23.522720046909527,-5.038197580940628,3
3075,17.55925864457688,-0.3248281210586447,3
3076,-32.7857219851898,5.175856986088082,8
3077,-5.444230270287927,-24.659290086126713,5
3078,-11.303244269976195,-27.321978631877847,5
3079,41.65956050777596,-4.431826546040281,1
3080,-19.817107639180925,36.51802372654245,4
3081,-14.446245141051657,6.766642078994741,2
3082,-24.398328683955075,-33.92436439741522,7
3083,-14.357711329821539,7.2901973953562775,6
3084,-16.270443454869536,-16.222460140370416,5
3085,-4.689831050251704,-39.081573482308194,9
3086,-12.106005044000037,6.7208132442567665,6
3087,44.18669790699091,-13.583619288449695,1
3088,51.0642836227247,-7.455380389180618,3
3089,-5.531238546934213,-24.660280889616352,5
3090,-0.9987116229105467,-34.17948616337333,5
3091,0.1454505042308534,-6.055362567014654,4
3092,2.933703868798256,-31.878457607770898,5
3093,31.658528974310496,3.758126752433699,3
3094,12.052377325313538,8.98678402083671,6
3095,30.36386787274785,24.03869759411981,6
3096,24.084676479827454,35.607682349616546,0
3097,-12.170844379821729,25.304233164349462,4
3098,16.080766538483537,-0.5385444796778539,3
3099,-31.793142789303687,7.617178732524067,8
3100,-7.67289502821265,42.633293928459665,4
3101,27.185612499395095,3.376730326890603,3
3102,44.60014964308958,-10.381432101757694,1
3103,-19.66885663844738,11.782482306572648,3
3104,-2.1627625799076213,8.040865011900639,2
3105,-43.6649172571991,8.085077302578897,8
3106,-17.103483952779122,16.924153788767946,6
3107,7.288117564705583,20.635501888311673,4
3108,-4.141609398130266,34.16641447776104,4
3109,-8.798146704726365,22.37737462821871,2
3110,0.30453783091524356,18.72468575520858,6
3111,-7.996251427806104,8.420029682169064,6
3112,23.808819047326786,8.048469815392325,3
3113,47.47835460798926,-7.854257463340489,1
3114,-12.458765891567507,-26.526324863698534,9
3115,6.514519593943326,8.212892253485855,6
3116,2.188553014954965,-6.564472313299684,0
3117,-10.140816491363939,41.63002235670699,2
3118,-3.947729238289578,18.807436918480533,4
3119,23.82900130475551,32.1164402936692,0
3120,-23.118228092185777,31.007105776706883,2
3121,13.213486837362105,-36.49063137982427,9
3122,42.438501983671905,-4.849295352267915,1
3123,20.348704647744558,30.966296898357676,0
3124,-14.458825484342308,-22.039750949614024,8
3125,-14.347485835476222,29.539382652050918,4
3126,26.020610018947657,19.937477232443797,3
3127,-30.75976214629885,-25.939932582878857,7
3128,-2.4735296415662535,-43.58893786234387,9
3129,22.156351843279634,-34.90930255408129,9
3130,-6.763404810569071,4.193384075338551,4
3131,11.497571922905967,23.505606809686004,4
3132,-5.1405031926195095,37.573887200222615,4
3133,-7.368514568557957,30.198638515535396,4
3134,-22.5099451038493,-18.781937986621365,7
3135,-6.4736106068685455,38.155900458738586,2
3136,43.39978279841112,-13.312232420757542,1
3137,-5.260810292950065,4.763894544765241,6
3138,14.849879825199693,24.634443793517825,3
3139,-6.471049483521879,8.684691673145505,2
3140,-18.81765860723901,-42.403739021374456,7
3141,-22.56175355641487,32.771250926261416,2
3142,41.73324003917705,-8.803710418016898,1
3143,-7.364070022295589,-41.54650770125384,9
3144,-24.647947781174143,20.4681431048344,6
3145,27.710381820161913,-0.3684738925776687,3
3146,-24.94555799891489,30.645201745279728,2
3147,-31.830016860843646,-24.76096945840259,7
3148,-12.021975842781227,31.08393828024856,6
3149,37.05868847033496,-8.97686736399701,1
3150,-14.064923031772993,42.86691201071047,4
3151,2.6144605646831045,-16.465368178855222,5
3152,-4.461594652988568,17.466817692033395,2
3153,42.392215712393,-15.358272888207308,1
3154,44.38013522626676,-2.4845137178078645,1
3155,35.90312800688781,-6.085415138081147,1
3156,-28.608187758593676,0.35682126837395683,8
3157,-47.07515357168382,0.23920048511261097,8
3158,-26.22997241976351,-0.5906250693543463,8
3159,40.57661077001812,-10.398066326515092,1
3160,4.7156593204046,-36.907197436289906,9
3161,29.576660098632175,29.575394932510957,0
3162,7.491956811149869,21.995742339201612,6
3163,32.155348115188076,8.646427917336275,3
3164,10.563336123756244,21.766056182307388,4
3165,17.958424028817483,16.022877543480053,3
3166,25.959936701813962,30.592945989111907,0
3167,11.673013160208896,12.106164766187085,0
3168,0.019254804598945623,34.776223007982274,4
3169,3.247263402140698,-42.67758680593264,9
3170,16.551685709880584,15.697881008583911,4
3171,-5.31712365131947,18.71316368758977,6
3172,-16.360398441164353,-41.525080443575256,9
3173,23.459497929905893,13.174808121610582,3
3174,-20.052924307309798,-22.825161437967495,5
3175,-9.501955153071865,30.741284327403964,4
3176,24.902594221860934,36.42929940111502,6
3177,43.86817652209552,-2.0267365781885673,1
3178,-0.024208042796728835,-11.90248996021515,5
3179,-7.814658742262224,18.48197484130395,4
3180,-11.998024017298766,-41.85831314362055,9
3181,19.20712279320172,33.44411619735407,0
3182,48.99491950098627,-1.7308157492464373,1
3183,25.21179283269263,15.378216509285085,0
3184,-31.667865216764575,-21.89095555411343,7
3185,-20.92135892346176,25.705812338785105,4
3186,0.9177863087686434,-17.708766675156134,5
3187,22.30364171182102,-3.730139828906113,3
3188,-4.510677422084939,4.811942293265614,4
3189,9.50296444591144,10.536170594809533,0
3190,-27.160093520170655,-29.618549654343802,7
3191,-21.285275339870555,4.296694769159021,8
3192,-33.70614690149378,5.940628120800462,8
3193,21.540504630972674,30.936259225169888,0
3194,32.6639849118191,-14.60751628996571,1
3195,-1.557061131396772,-23.56841448959695,5
3196,-16.510319008341877,-15.016485519449674,5
3197,-6.901220927401132,18.03098536946292,4
3198,8.002280512452767,7.857797342762239,0
3199,-29.90654998373012,-21.63542189702399,7
3200,-31.495035167413743,-20.156465822763373,7
3201,17.021995528350523,-0.6733740075064836,0
3202,11.410305447501534,-33.55538450721275,9
3203,-25.22844687303072,-30.966325998206244,7
3204,-28.572013418251636,-18.990171232425382,7
3205,-30.087808185722146,-24.250043569624676,7
3206,30.105322315575425,35.894763764916924,0
3207,1.6744293788906046,20.855800312336672,6
3208,2.2800689747357343,-4.491223396911802,0
3209,-13.976947547905867,22.314193992572424,2
3210,15.389809855580646,16.458078844565314,3
3211,21.23038298589731,18.413664393237873,3
3212,28.87507224241812,23.42445378603882,6
3213,8.323612010867798,-9.467471400632913,5
3214,11.88576902689871,-36.215092764731885,9
3215,-29.174441479195043,21.9877277473709,6
3216,-10.337766322723517,37.685721915311596,2
3217,5.641782347762389,-34.23515200795044,9
3218,1.9172789318229506,23.672001672880118,4
3219,-17.31791457917668,-24.00305646681714,5
3220,-21.914609735660047,26.4993458621105,4
3221,6.859409521148677,-34.71541675980605,9
3222,-0.60964050374012,-28.404368249208183,5
3223,-4.52972476565798,-44.80919126604023,9
3224,10.078608948638232,-34.87939910495268,9
3225,-18.818168775354195,20.238935188405794,2
3226,-8.685153234268679,5.990837636914342,6
3227,-21.916469317931806,22.577691328245077,4
3228,30.385597016951735,1.808525330258903,3
3229,12.355049067458507,24.85696792990524,3
3230,11.83060405471281,-32.12437508770133,9
3231,15.141546629874975,-35.91831512354379,9
3232,19.65986073890736,16.042329931436758,3
3233,11.160089904950096,-35.54844437968308,9
3234,-11.344627243485343,41.39385273973707,2
3235,-32.11414982490281,4.563658892291666,8
3236,50.84382447508221,-1.5191883670876765,1
3237,-1.1591721437995752,-35.5297063787813,5
3238,-48.39304478460699,-1.2783134925316095,8
3239,10.843442026354795,1.83540502143086,0
3240,-16.91177724443951,21.084160862005806,2
3241,-4.481763338881037,-39.35020374268757,9
3242,-18.259128371297564,-25.46552594296576,5
3243,1.5149640103795665,-3.025674664418482,6
3244,-3.198166776563346,39.809082755053595,2
3245,-12.2365323247989,9.312254758656561,2
3246,41.54588777708743,-4.255301688141998,1
3247,-14.900357547342736,-23.646831552466075,5
3248,19.013303225415303,19.05522099683405,3
3249,-2.0305072994386273,1.3763713295904774,3
3250,0.6948267211711345,-43.78635740174776,9
3251,-22.420037334747185,-31.505752899174826,5
3252,-7.178093368384541,11.623878216060184,2
3253,-19.866853873563,23.83695489005402,4
3254,28.636996808591363,14.06039838040981,0
3255,10.687909081516963,0.2968645711676239,4
3256,-7.7845019581760155,0.6342074424906952,4
3257,-4.976010772580568,7.196563311842235,4
3258,-47.00046405705244,7.376757762811214,6
3259,-9.447878458498113,36.7518376854605,2
3260,-30.71550244058343,-28.627039563765756,7
3261,-1.68158680120439,-30.181324578755756,9
3262,25.996458420654854,32.8216656696521,0
3263,-22.165582240376423,28.34428569241113,2
3264,-2.835038746038302,-32.55478592220825,7
3265,4.214856245592882,-29.935639651166067,5
3266,17.611135872930596,14.89678933248095,3
3267,47.479456293657364,-2.898043324398471,1
3268,-3.411680929296081,30.896052973653617,2
3269,41.44149395571519,-12.354904227854725,1
3270,28.78015405343695,38.76349592538744,0
3271,31.058729581579712,18.356188256040046,1
3272,27.183666009643176,20.716331455429394,6
3273,43.720914326294384,-14.33411697693027,1
3274,25.669481000102294,33.48012798575819,0
3275,-13.598968196819833,-38.992386966754836,7
3276,-12.951254304708568,-28.28366432011996,5
3277,47.78481020606065,2.3862328998400506,1
3278,34.73784662397387,-15.478827470632703,1
3279,-25.416675636721457,-21.872371879537507,8
3280,-30.821207878295652,-31.265736371499933,7
3281,33.190304067720064,8.889367983129087,3
3282,-9.282481499555534,-2.778395738255321,8
3283,-34.116309777980426,0.35728942866848096,8
3284,-2.7254918000646113,30.75642438450185,4
3285,9.14909061036354,21.77006326117202,6
3286,-27.978301357377177,-28.35516809922057,7
3287,49.319858617597205,-0.14216465056196764,1
3288,8.286038975433353,-38.81092473325605,9
3289,-26.624052188089053,-29.54834961601675,7
3290,-8.128144074349843,-23.414024367272443,5
3291,30.119400438140467,37.316443041512656,0
3292,-4.390631995430907,-24.74441891370222,5
3293,6.243172469732536,-33.984924324327864,9
3294,-32.22825832835473,4.405871809468037,8
3295,-19.64158678954077,-32.50659518593747,5
3296,-22.84866573950603,34.375321627381,2
3297,-2.2066607246978234,4.387280928956899,2
3298,-6.531521614693529,41.23357989182205,4
3299,-22.807784872468925,31.899115932828625,2
3300,-19.369685066199896,-16.496255054757714,5
3301,35.67411363771669,-15.889950514623388,1
3302,-40.95687556355097,3.3505200255131844,8
3303,-23.98278686255841,30.350587973789967,2
3304,36.46729384361089,-15.1616101724334,1
3305,18.270937291905383,15.441428149169774,3
3306,47.00527313047143,-8.402792400668329,1
3307,7.671835705723259,-33.358283933053684,9
3308,9.012595165806728,9.26788985650801,0
3309,15.771936204267199,-0.3039312558760979,3
3310,-4.062647359723361,-31.93970664223204,5
3311,44.25318191663724,4.866929562438004,1
3312,-14.576834890916016,18.56563387762384,2
3313,48.315010874093474,-9.472709249321843,1
3314,-23.22870147478733,-27.294629766080423,7
3315,-3.5024599217786903,19.587029127666284,2
3316,33.44611880908742,-11.187958147168297,1
3317,-21.10077176479174,-26.95773494206226,5
3318,-25.014736052629743,31.49242066827213,2
3319,-5.041290355016561,21.098749515502014,6
3320,39.65079665581025,-4.280671458139789,1
3321,-10.183951513026981,-3.5600816501945163,8
3322,12.06700612446695,23.942675655637345,4
3323,-3.704037132328306,-40.04248037564171,9
3324,-8.353771686608946,1.6799200198012156,4
3325,24.59893305357024,0.883899729238,1
3326,50.204931488242366,2.9727587450535693,1
3327,-22.450621166870988,0.25708923380396353,8
3328,29.938580715912444,11.863323015693547,3
3329,-13.901530676959702,33.85646569173826,4
3330,34.01915245418406,-13.610439775789164,1
3331,-19.212638434162685,-19.70818510636508,5
3332,-0.1354746548254752,-19.51715619567438,5
3333,-2.587226436104773,-3.8082230584343235,6
3334,43.933610416549776,-8.984685282853835,1
3335,-22.066563684507667,5.056074913401889,8
3336,25.633237616058487,24.40590880919087,6
3337,-18.6971707045315,-30.59760311125368,7
3338,23.218467015593323,9.920717319840694,3
3339,-22.263803188255096,22.83320610075515,6
3340,-2.9847696578932825,-33.769024706557744,5
3341,-3.2807066126455053,37.71871022479403,4
3342,0.0980725852821295,-6.989777189413565,2
3343,-1.5162418073653323,-24.920405747495046,9
3344,10.166535214745844,-34.617875802817565,9
3345,9.498414147233671,24.653283879060375,4
3346,-31.575595923200563,-20.182988459186074,7
3347,-25.680764593513903,19.83326968448973,6
3348,-7.757736862753769,12.932036490765906,4
3349,37.6691742064962,-12.446027068407648,1
3350,24.19396241327807,37.27977793549451,6
3351,23.601111263192784,10.949563823570621,3
3352,-26.03127797207409,-33.38743716086571,7
3353,23.91011924595811,-4.419711357553862,3
3354,14.66565632694949,-40.41373144974419,9
3355,47.78428796739257,3.8237333970805483,1
3356,1.6513642006553586,-4.552103658005882,0
3357,10.9229312143888,-35.33957613049735,9
3358,31.229614585653444,20.835655806142405,6
3359,4.818972005956821,27.287668915583417,3
3360,-33.40981914525612,0.6438547676283828,8
3361,-3.889629556069423,-25.40581160812986,5
3362,27.029391140018046,3.9035607646080073,3
3363,10.165210077316665,22.60181151731145,4
3364,-8.32481097183732,24.75545956427976,2
3365,-33.264499233382416,5.331889370879761,8
3366,34.49929510009611,17.817927323666314,0
3367,-8.111255293329544,14.332979049992383,2
3368,29.398232128287123,18.503290564633712,0
3369,26.765745885570787,40.32073564633609,6
3370,16.138407189542534,2.560841206120631,3
3371,-15.258287060290174,-41.70607207787027,9
3372,-19.156944136042195,25.063267929654813,2
3373,-30.946830315796475,-21.360349112866817,7
3374,16.073900707583746,-34.770725749839585,9
3375,-6.845946998074944,30.170841140932666,6
3376,27.360431122990512,20.981787436959205,6
3377,-43.89860201144737,-1.290743833230485,8
3378,-2.3410952481715723,26.492221848814737,6
3379,-44.6756540656885,-0.9954259185674502,8
3380,-47.94395554288655,-6.406548138603175,8
3381,0.7657454929107783,19.587890773157714,2
3382,-45.79057927880322,4.383450042496317,8
3383,26.422467144486685,38.93448345666359,0
3384,-5.928649361022539,16.46485637798387,4
3385,-46.62280827851856,1.2061552711406949,8
3386,18.72677262281762,31.531119986781363,6
3387,-43.02597126171878,1.2888199301550918,8
3388,-3.2086958250775157,-2.313047144001803,6
3389,-31.870468305206185,-26.960390285884404,7
3390,14.538230214667959,6.011073872820242,4
3391,41.11175260043267,-12.350016107610118,1
3392,28.031529479847805,0.9326087161900969,6
3393,0.08938876662661861,-42.38416263307665,9
3394,10.474303204151656,11.252229433105214,0
3395,44.23794538567132,0.051253849803218,1
3396,41.80507288046383,-15.148805526019355,1
3397,2.2481395426929915,-21.1025514529122,5
3398,-3.1735835092013005,-27.66585806000961,5
3399,8.76014401850334,-32.4050721670766,7
3400,-46.126029118095516,4.332668302469393,8
3401,28.929614047980923,6.4914119241051695,3
3402,-25.387330232809166,0.2825550012379779,8
3403,43.430918473313454,-14.243513198823617,1
3404,20.092654966819396,-33.69897279571198,9
3405,45.272017346241874,-12.947375813760113,1
3406,-10.727130933512278,-40.36862039584992,9
3407,48.50240460888568,-1.6466344596119231,1
3408,-10.798551454920222,9.517242191324986,2
3409,40.30938980441059,-13.744192305212954,1
3410,-7.77957092266538,21.456348564554347,6
3411,-5.2165912242562005,18.44766869155984,6
3412,-13.376994309432126,-21.176958729420424,5
3413,-23.472686677288227,-35.19354801578374,7
3414,-15.586384380782278,-40.85916039183711,9
3415,20.642156632151366,31.49649442720589,0
3416,17.02260931097676,-0.8974943204035716,3
3417,10.78532135063279,-40.65038454862185,5
3418,-20.352917438332618,33.80872743200375,6
3419,-43.379444305038845,-0.3723808525257956,8
3420,14.286849563926118,-0.8843086130793628,3
3421,-11.397312088201259,-1.991064679421731,8
3422,-34.31401264718156,-27.191091156847218,7
3423,40.08807065407591,-2.65942220536903,1
3424,-25.089480085104668,-35.30224626007425,7
3425,-10.856072789616803,37.81390380224768,2
3426,-3.1505647462855615,2.5209105811463184,2
3427,-27.789818553849823,22.652820209684226,6
3428,-15.636755071124885,-25.640753545399804,5
3429,19.260503161524365,22.775459245749033,3
3430,20.983174882083237,21.746879633282827,3
3431,2.977224410983611,-17.620916427108924,5
3432,-17.11755755992961,-18.517616255760217,5
3433,-7.2717211906201955,3.121732507206937,6
3434,-26.76080392597223,-22.13313888664211,8
3435,-32.14256871902964,-29.90867051025941,7
3436,0.6478221750003057,-30.704930995034438,5
3437,-14.80609756836571,-32.08432669553322,7
3438,7.806477924227262,-43.18274057669298,7
3439,6.516047538092309,-40.9119537708137,9
3440,-9.255032142248604,-17.886808346046326,5
3441,41.67293604419119,-11.755012445843187,1
3442,-3.6319830363842183,25.02928161695683,4
3443,-49.36889913333714,-0.6803665515471959,8
3444,9.428741872742629,9.897452943550077,0
3445,-12.873419389902818,15.051976134708129,6
3446,24.253315313682577,9.488057136030054,3
3447,1.7750912955397908,-4.217640524900354,0
3448,5.021306063842393,-35.37602757218756,9
3449,-27.36397051452398,23.505637042885784,6
3450,-46.635552761179106,0.4852284979670182,8
3451,-2.8649401517580024,-3.019390971432142,6
3452,2.441387918821295,-17.98966368576628,5
3453,28.682609748254734,36.63439073014822,0
3454,-46.94445722830154,1.4087355742264158,8
3455,22.730771035791648,27.915534694525967,0
3456,-10.596314590995387,18.263004464078804,2
3457,10.72796082498853,21.890099007432863,4
3458,-6.423223086692835,-23.4017855777309,5
3459,-48.2429483915612,3.4873775235717757,8
3460,21.06456960788566,29.631980957414935,0
3461,27.663972238630688,4.36310997268,3
3462,-20.751914163687516,19.690944616359918,2
3463,3.3244090505625534,-6.299866569739382,8
3464,-0.81790601995177,27.622519373431224,4
3465,41.94418632449426,1.7648277342838772,1
3466,5.753170980960871,29.659023500855895,4
3467,42.06682314804025,-10.932722270377253,1
3468,-3.014787878051484,7.594262557700235,4
3469,-28.512993166531885,0.2541959777096143,8
3470,43.7737280735409,-0.8155775139491732,1
3471,4.40485324203529,-3.899560532595768,3
3472,26.329583910660993,2.0700303480877453,3
3473,-3.5476800372918,25.91857963269108,4
3474,5.844161530867209,27.24285559909411,4
3475,-7.0731632362824,36.93345509695274,4
3476,-36.680063441199,4.038803740399819,4
3477,-27.421846240395336,-33.88498819830439,7
3478,8.244522860346931,25.812081151096017,4
3479,-32.4070969057114,-24.09452881758983,7
3480,3.524257632817029,15.522757511095575,0
3481,19.996920551138192,-33.63390784731023,9
3482,-46.65554397663398,-7.052717422770448,8
3483,2.3390747762532067,-14.813847369396706,5
3484,15.441059404109927,-3.8374605547039375,3
3485,15.281820938432947,0.20380510584519482,0
3486,-23.616742841567817,-0.09349784919878223,8
3487,-42.48355441611636,-0.48564338876065594,8
3488,-2.5276673998888914,29.896838420277778,2
3489,33.348627442036616,-15.225003130484339,1
3490,18.966710267891074,33.206188286751505,6
3491,2.708523201312201,-16.18102979165902,5
3492,-11.385123295746515,10.331819344750604,4
3493,37.6279774442854,-10.090444926593008,1
3494,-28.315093806182198,-26.556911052939164,7
3495,-25.392385169866678,0.6511457134249246,8
3496,-4.609460921454046,-0.7587635218006058,2
3497,-14.707956052398096,22.511043562582895,2
3498,-12.955594021673763,-43.07889033615559,9
3499,-9.205029177675915,-21.740580339553837,7
3500,-9.493720981281605,11.446701417180568,2
3501,-32.823524007829675,-27.41457345457329,7
3502,-14.751949281107192,-23.38700971984991,5
3503,-22.498461486088985,3.4896821359785206,8
3504,-17.495903188539128,20.883860647894355,2
3505,28.143373463682643,16.798245946656003,3
3506,-19.260817156069248,-16.319571667284954,5
3507,-11.024727796152819,44.32054738548105,2
3508,-45.74905616019139,6.244449198343651,8
3509,-14.790457262588403,35.143215032035194,4
3510,-3.810285953115975,-45.1240474730989,9
3511,1.6292314698076868,-4.579736768377276,0
3512,-7.695635351427345,24.623820184073058,6
3513,19.31559419785199,-33.25966965871157,9
3514,44.59926938944837,-8.531115732505121,1
3515,25.752285640549687,33.754891749348005,6
3516,3.0820867040306745,23.183233716692524,0
3517,25.447026363865128,-3.3098056205423343,3
3518,12.599011948985686,19.34897270698989,4
3519,-42.163572389040404,-3.5043231507258366,8
3520,28.671149864875535,22.623548388705515,3
3521,-24.19103778831857,-30.65787643724294,7
3522,-10.701554516779144,-25.00502944221748,5
3523,-20.923516775947245,30.687855359208974,2
3524,-10.487993417033763,5.024329850023082,4
3525,22.10959983376098,0.809758397214565,3
3526,-8.779304100183042,15.950224299974664,2
3527,-23.997096835199063,0.13146782530245343,8
3528,9.199482198227251,7.940849639530716,0
3529,25.4369055470508,1.6350232595254475,3
3530,16.471232607041486,-4.532955338684487,3
3531,-26.487489376142307,-32.350653182183535,7
3532,29.71198974376622,31.942555055749825,6
3533,-13.537419311332043,35.57871707378523,4
3534,30.822721770660866,36.606603526717905,0
3535,14.113701290901593,21.544083355894845,3
3536,-11.44583321320315,2.0655189136528773,6
3537,-8.333575768146774,15.443779896920567,4
3538,2.1158305595780735,20.305404228436498,3
3539,5.044038643106033,-35.63105167397304,9
3540,-8.264783352941086,41.108664020718116,4
3541,-18.925151420655883,8.695048893477527,8
3542,-32.67404348005196,-31.883950895885416,7
3543,12.55147384372602,2.9280816535371823,3
3544,32.84843518000789,8.429636431261548,6
3545,41.498079014000986,-11.883025669108685,1
3546,-5.892537415508146,-46.024581238726846,5
3547,-12.522066568149905,-25.307602655763496,5
3548,-18.412040394250578,10.939524687757155,6
3549,-23.87250110670285,-25.68803789839748,7
3550,16.31404600048,8.884621821344481,6
3551,44.943013514803155,-8.849590079215707,1
3552,22.966785172597042,42.29702459034923,0
3553,47.102159872541556,-9.562325028010514,1
3554,23.7726651383242,41.033184742656786,0
3555,-46.33208850591913,0.628533644077155,8
3556,-25.631757316051935,3.5257999864176797,8
3557,-20.624790469980173,-33.40600605312165,5
3558,2.501662203345186,-7.104376422931257,0
3559,-8.989083778404508,36.73967556192025,4
3560,26.385553116742003,4.78294832091435,3
3561,-21.769601396914545,-34.590059997805746,5
3562,7.898830904092374,11.109999136469348,0
3563,-31.46227686559505,-30.317180243987828,7
3564,42.2592563357099,-3.987856511303551,1
3565,-31.15988677044697,0.18716790967968014,8
3566,-7.5054092633157925,-34.38224840930798,9
3567,44.4789870717036,4.988392128548231,1
3568,-11.589751628468242,43.29880781402929,2
3569,30.42590453442362,10.99794916814062,3
3570,13.388883006642246,-36.425879845846524,9
3571,-28.6887086736518,0.3481097297082113,8
3572,-20.100031139070644,-26.979594827626325,7
3573,0.742874738782987,-22.812813925228067,5
3574,26.215642561004216,2.008975934444429,3
3575,-7.552884543245454,43.327981740712005,4
3576,-30.522062824970956,23.24792483153026,2
3577,-30.127628957510208,-29.56330967139449,7
3578,-42.794656763427874,-2.9580390511677788,8
3579,-29.241567764165428,-24.362925262022877,7
3580,21.2127530334026,37.41427517016013,0
3581,-1.7344184180382085,32.778969675023966,4
3582,-31.78875891035522,-20.64033533981058,7
3583,29.781400563440535,8.46697396674264,3
3584,28.672576838989187,14.188511674805847,0
3585,-48.24208337143275,6.161075743578891,8
3586,-31.34420256198324,6.363363508629717,8
3587,-21.50539661789516,1.541752403603424,8
3588,-49.86701182827347,-1.0841211232808237,8
3589,-9.305676781103074,2.517100732246077,6
3590,7.898450375893137,12.645654807535006,0
3591,-21.126243117631734,15.087192119292993,8
3592,-6.2488219305923725,23.885460524741653,6
3593,5.21968157024025,5.8233020562619675,6
3594,13.194982530704955,3.9340003899354894,6
3595,13.645914199827708,3.472842519618593,6
3596,14.786918564063017,-1.372338495365561,6
3597,-11.671237418582551,-21.316351033118636,7
3598,-0.4624743405473163,-28.525234752734473,5
3599,-19.667354825768992,-32.58985879012391,5
3600,45.31381921021666,-13.250630082184824,1
3601,-19.165182277971528,-15.575252406382468,5
3602,-4.678096679992063,17.277774339094286,2
3603,47.12377058353063,-9.652767665737601,1
3604,-26.587964364338088,-30.42113590588763,7
3605,-16.363301686737653,-34.596520472366585,9
3606,28.676370162594974,38.39487442998097,0
3607,33.34391110604138,16.458241667765773,0
3608,9.704672149185646,1.2834519848784178,6
3609,-8.94725279318085,38.559696269177266,2
3610,-9.83806030824708,-39.12238472980083,9
3611,-23.755970833745792,37.53788711491679,2
3612,38.43795199736199,-10.716545189160406,1
3613,-19.20302410940379,38.35423513126544,2
3614,2.449069345033532,-20.03624771606745,5
3615,25.627412091628,26.293352458238903,0
3616,44.535031121593185,-10.301909349594206,1
3617,-23.112692978169704,-35.353207550613156,7
3618,26.63941714405361,4.053752548517146,3
3619,-42.45284024075732,-0.7711341146352263,8
3620,-25.620682219971137,-19.729304127818917,7
3621,-34.73538559100408,2.7709726545003814,8
3622,40.86463654168278,-12.271961518164744,1
3623,28.673283916520244,22.371372008455612,0
3624,37.72057737173338,-9.826589204133887,1
3625,18.189247010945273,-32.46508313205651,9
3626,-5.501689921934147,0.13937455509334856,6
3627,-22.43372257546883,-20.850625514875922,5
3628,-38.56492967948481,4.568585800722506,8
3629,-3.1530886005514747,-2.5305775842619136,4
3630,9.622197476660585,4.8975485340873774,6
3631,-14.688958443064003,38.28171205911723,6
3632,0.6744175963636546,32.6990236119842,4
3633,30.498895484638425,16.201157329786835,0
3634,-4.13757268827219,-0.07899873373094363,2
3635,-48.151939721105386,-6.122922994160846,8
3636,28.467780109553587,35.74914641350393,0
3637,29.748657376897874,15.400102460186377,1
3638,-6.904719656185058,-26.310385056956875,5
3639,-42.54408193866775,0.0027145775217903316,8
3640,-25.13181101115355,4.937930695620258,8
3641,49.137750441823194,2.3422133513862957,1
3642,7.464697716080182,-33.32042068625359,9
3643,-22.707915256660097,-18.60638659408077,7
3644,34.672232956050905,-11.386775980607448,1
3645,2.3624433011670303,40.71750607222776,4
3646,-27.50090491717967,21.563116685477286,8
3647,-31.732065365097675,-27.25573015133076,7
3648,19.20174442152219,-34.84122236710501,9
3649,-2.387240255629452,37.84740265596898,2
3650,-2.601295528764572,-36.92231094822713,9
3651,-18.050314129323937,33.480216679269375,4
3652,8.030393500056661,24.636998082179375,4
3653,-6.6122058275126765,26.932135131428534,6
3654,8.412606393625309,-9.461309171285057,5
3655,-16.056175876270732,-17.253536004329767,5
3656,21.287473374392647,28.335745819606963,3
3657,-11.060943355019345,19.63015705601551,2
3658,-7.4290915337833345,-41.41303389774077,9
3659,18.20632489753354,-32.59605891628765,9
3660,0.2786023994178617,1.5301073355823904,8
3661,23.320353581495837,39.36989334932543,6
3662,12.045977028663318,21.726376675664945,4
3663,-24.598281662757568,-38.038221329304776,8
3664,21.698175820088522,-5.661064012802255,3
3665,29.355400159898057,3.743112747045633,3
3666,-4.512554366815877,32.32192416073688,6
3667,1.5025912869235971,-16.099152593629775,5
3668,-9.31887926332445,-42.800132298187336,7
3669,19.549036427251668,-34.94803803057639,9
3670,-25.480250784368696,19.91658936049484,0
3671,5.561064981379934,4.151484090112209,6
3672,18.412886192875334,31.792393913357316,0
3673,-23.08865520983681,-19.021164545896255,7
3674,-11.506039620582335,-41.20052351218402,9
3675,-23.881253740385613,-36.626669028188644,7
3676,-16.84855680171068,-37.793941766059525,7
3677,-46.57425251407168,-0.03590644758427086,8
3678,23.9903486029775,30.59740085056829,0
3679,-15.326608426755426,-43.50439024459787,8
3680,-12.108415438527143,-21.965942673369415,7
3681,-3.254701861019314,-3.010497762742566,6
3682,13.451535625511154,24.56624507751238,3
3683,-22.860367537661876,36.594643364887,2
3684,24.53829979679289,30.99148542761272,0
3685,42.194101782638405,3.0076522608389085,1
3686,27.450377714335758,6.619688161870783,3
3687,-12.13252918781657,11.857545437604537,2
3688,-6.8551856762585395,-25.466305897782952,5
3689,19.668853234362746,4.1636260660780735,4
3690,-28.114016141230497,-33.18338885686579,7
3691,16.386416096048176,-1.4503155272772126,3
3692,-20.274925069790417,28.46643873428349,6
3693,-4.026932341937265,33.504467909575965,4
3694,0.82333682542778,-41.80486267864196,9
3695,-44.04770683806726,5.997958546138052,8
3696,-10.410412776963899,42.93463841989763,2
3697,4.108627031932993,-6.033621343886798,3
3698,-16.090386626194263,-23.180165235277816,5
3699,-32.41072712735029,-24.81950837364761,7
3700,-11.606818207979325,26.58247713584242,6
3701,44.11016687890478,-2.7318038212780125,1
3702,22.703693771775168,33.7571204405775,0
3703,-2.9004252326749485,39.99086756293499,2
3704,-24.54579268924757,0.5090391801223272,8
3705,12.49775493269066,23.86525995788904,4
3706,-16.135944895095143,-23.0620133280794,5
3707,10.89494660839803,5.8301746194970585,6
3708,-4.226430630281442,-24.62605568771671,5
3709,11.394833063519446,23.69583447078553,4
3710,-11.313116772247078,-21.065438458561005,7
3711,-6.554277393323677,30.472725494471018,6
3712,-25.741501442827484,-23.267038693827324,7
3713,45.0778271233891,-10.076053651174698,1
3714,-10.533893973384048,-26.01379964094796,5
3715,-22.431883159484247,30.823435006752135,2
3716,-36.49054405871876,0.3954737659618156,8
3717,-9.850661185749024,-42.75162452190995,7
3718,-22.74121243976915,17.872970535368868,8
3719,4.363543630601152,13.278332099565072,6
3720,38.976853520319864,-14.6775828521746,1
3721,-33.55824625869849,5.698914907177913,8
3722,23.48959248004952,13.624097249498845,3
3723,17.339971257158883,-36.55116713679091,9
3724,-28.67103431818126,2.969381048811543,8
3725,33.620830019252985,18.177561097457453,0
3726,26.295254584554584,10.981423286087137,3
3727,24.959438976191453,-1.6468905428245293,3
3728,-27.34519807906878,-24.68440952322756,7
3729,-9.14019450751307,-40.32292580735703,9
3730,-0.5174175934123323,28.910798934450064,8
3731,21.268183259242885,0.5036979704090662,3
3732,21.65169365784726,-2.1647107932982608,3
3733,-19.596199895917387,-1.097193774191068,8
3734,-10.885694800349274,38.5612741544112,2
3735,-6.813301348174503,-26.021248716439054,5
3736,43.363691115608944,-8.086118032769246,1
3737,17.280161790794185,-39.043539359398096,9
3738,-26.044368080471227,-34.895612147166986,7
3739,1.3444872531218253,-15.587920979047514,5
3740,39.574139889395475,-2.6233047114830677,1
3741,13.729408882735752,16.71038784370768,4
3742,-5.415165824455534,-0.24482447383185815,6
3743,4.809822366318234,-3.2387290984092267,6
3744,-46.15888627932099,6.415260767272885,8
3745,-5.132769246642771,7.172540350442937,6
3746,-22.244594986008494,-40.261467991706134,8
3747,-5.206368981074605,-39.02463683894707,9
3748,31.526175053899163,23.301090227587192,6
3749,-16.407594189604303,-39.28487778120986,9
3750,-12.89294846861811,3.479380152691475,6
3751,41.32846436076901,-12.860619032354196,1
3752,-18.018388888893636,29.54850182009411,4
3753,-25.400826108857405,27.6301867218738,2
3754,44.506780233654254,-15.024087368683675,1
3755,-15.583903524096565,-17.186863497056674,5
3756,5.590772890162946,-34.902354332179875,9
3757,19.697133158285617,10.96612871293006,3
3758,-11.971300999488903,10.25327292975177,2
3759,-9.446252909026539,41.840203786354394,4
3760,27.146689382429035,1.162857321044781,4
3761,-22.44283489215901,22.972904954485863,6
3762,-9.364688657271413,8.780594189259983,0
3763,-6.813283939160152,6.43374243540731,6
3764,-9.231950615308223,-17.903399348367234,5
3765,17.57393820984023,-36.545515956736274,9
3766,2.6348909298629337,-23.40367983874386,5
3767,-18.68847384421888,-42.37609518176463,7
3768,-5.597447291751193,40.16929299349277,4
3769,-10.545331522699515,18.826443864636875,2
3770,35.82719795073076,-9.549663456062708,1
3771,26.517116072944038,28.587499824873582,6
3772,-15.046497832677925,-18.736523251708316,5
3773,-10.185032689743732,30.989421384710912,4
3774,33.92858834529835,-10.804421095318885,1
3775,-5.71948669086546,24.696366672271402,6
3776,-22.629381045737865,-37.296060117919346,7
3777,18.763838733349534,31.616137772428786,6
3778,-17.76447406063222,-17.596101155839104,5
3779,-44.91006745041379,4.960381635303549,8
3780,-19.702252314855876,13.172860846960157,0
3781,25.72588063495368,-3.453516305360461,3
3782,-3.579871539305119,-25.551092465209965,5
3783,2.6588455107231144,-42.61998686252743,9
3784,14.562522991986498,19.86328877363942,3
3785,-30.619069034667355,-21.45403414701447,7
3786,-10.569860659561122,-22.61812197053292,5
3787,26.658881112876884,5.585947609566135,3
3788,-24.602596762602527,0.3186761745966525,8
3789,9.662409063554552,-41.74744114860744,9
3790,-6.50844920757279,38.927854178500496,4
3791,-23.15847152156699,-37.520601237118505,7
3792,-5.757268466224736,32.67553843890045,4
3793,-28.595017571066478,6.16045376009783,8
3794,17.95438862923724,4.482933898673867,3
3795,-6.111350626580439,19.38075515100703,2
3796,-7.704095948032006,-6.309328424730764,8
3797,-23.219476682538954,-36.29083015759263,7
3798,18.32259116159735,-2.2603527104102765,3
3799,14.70375657284881,22.072377742893888,3
3800,-1.3133712991398985,23.08679894113097,4
3801,-16.08508826992898,22.701539206083577,4
3802,-16.804181184677738,-18.53163933596127,5
3803,-32.44914138496689,-0.8596548972768807,8
3804,28.187359593457046,37.42214528071734,0
3805,20.27344792353775,33.62111705749073,6
3806,-5.989586935035238,0.38365565092905646,6
3807,-28.446928817705,1.4413251388062396,8
3808,31.975198103758906,-13.791965652477947,1
3809,6.358244836530038,-34.373108418881834,9
3810,7.2016141022513125,26.98130305305569,6
3811,-19.32942807974893,38.60608400258331,2
3812,-24.58522540888225,-32.25167252022734,7
3813,-35.39206545979327,-24.52685799738544,7
3814,-9.130090660355116,-39.1671490129422,9
3815,29.480606048228953,34.94072325873439,0
3816,-0.8487974932523085,-24.665009080877763,9
3817,35.91931055956802,-14.890851905830004,1
3818,0.3599892296092724,-19.062585360271175,5
3819,8.71542952070662,11.967823278428849,0
3820,-9.712927539526172,2.1163738829045573,6
3821,-2.647986223294628,-45.48073191871708,9
3822,6.858356165604413,3.890022766917201,0
3823,0.7447140656736798,4.150960735377515,8
3824,-9.003546116264017,44.557008454536735,4
3825,-1.8610137319489481,-20.510815461528253,5
3826,15.575432686172302,25.01601607773033,3
3827,29.837093262300797,15.645691785514526,0
3828,6.730852827031177,19.92788178920261,4
3829,46.50847827119543,-2.9696272761896876,1
3830,13.918732171675837,-39.37787742882058,9
3831,-3.554018941262836,8.11722443507612,6
3832,19.282099620047635,22.756621825718977,3
3833,3.342438980027713,-4.907143958259334,4
3834,-20.55438825693257,-25.171923199576167,5
3835,-26.978519339476826,27.65114178280818,2
3836,-20.44077923560551,15.81679387257362,2
3837,-19.80802766388141,39.296457501026765,2
3838,23.4761718171317,6.580210090265912,3
3839,-10.79609902613117,-3.8664580895937215,8
3840,-11.683879885181518,-39.42544529119037,9
3841,-8.770662013163706,-0.32335667241473354,2
3842,-29.82552365039482,24.226582437259726,8
3843,18.799478382218478,14.792588309231705,3
3844,-42.380155483295695,10.395682143913252,8
3845,-22.348606785030114,32.98943969338471,2
3846,-6.380606037103318,-2.8804649993644182,2
3847,-8.478756528890768,2.562110919156715,6
3848,17.956600987116392,-36.36450445211146,9
3849,-0.2101412680666934,1.459796873010254,8
3850,-4.530569104998863,26.837650131839396,6
3851,13.121234157039085,17.838531017632356,4
3852,7.26378737039236,6.561709518156408,0
3853,-41.586993002623764,3.4646382100498436,8
3854,28.768703745127176,0.7614674659745387,3
3855,-31.298337387370935,-27.143299485026084,7
3856,-16.358385978576607,-39.20774992622436,7
3857,12.00702144584379,-36.438805999073715,9
3858,12.301824045082302,11.280678497054128,6
3859,-9.265659008198014,-41.40040358191924,9
3860,12.129339406641783,28.920491703626166,1
3861,27.83630727792103,30.440552137335434,0
3862,-5.532690388638615,32.07270147517559,4
3863,-8.928685162151277,27.34384845075901,4
3864,-10.477322117069106,36.61473213053939,2
3865,28.547793909899216,27.79450716943357,6
3866,17.804290562693204,-4.376693373084793,3
3867,-19.577736973865804,38.58788560711505,2
3868,5.5449475355459725,2.0157165727000916,0
3869,-48.52538653594798,0.002416304379737148,8
3870,28.0632886933433,12.06948767008556,3
3871,26.42419929558924,25.40086820233313,0
3872,47.57514090002219,4.380816968987495,1
3873,-44.40307035905547,5.772957968673287,8
3874,1.255417811327972,-21.988837171330886,5
3875,46.320264665247805,5.211232833408354,1
3876,-3.8636341355269743,18.868706771148453,2
3877,-18.4868183035894,-17.725123275550228,5
3878,-12.29550388432635,-45.055605520283095,5
3879,25.914522549260443,41.31836982219892,6
3880,-29.40653119499082,-23.270207908221202,7
3881,-16.50492488032756,37.926937111586,4
3882,-29.953395499505962,0.4032105929529253,8
3883,25.671006269197342,32.431396291429465,0
3884,20.30393607231653,19.761983168847173,3
3885,-3.415693143030444,38.91156504024329,4
3886,-17.652189185229535,-38.56387655001988,7
3887,37.618808436595934,-6.330658967098412,1
3888,-16.07678094861649,40.96807758247373,4
3889,-24.260054016546974,30.380213163311257,2
3890,29.82376331659226,34.352576705153076,0
3891,-41.55120779217374,3.7307848571854714,8
3892,21.309931685597736,-3.182493198447597,3
3893,24.55941659748202,33.30001988693971,0
3894,45.57863401191696,1.2180605258404313,1
3895,-34.81151676204049,0.12303892784863084,8
3896,20.177463791457605,35.3787992510166,0
3897,-41.30101411078186,-1.3406600834941143,8
3898,31.470549164564254,22.184305098057195,6
3899,31.33567798173517,33.80770093407989,0
3900,-15.252417180492884,9.702942225365923,2
3901,-6.060252593558281,30.59315626557375,6
3902,-23.828540697300408,34.02475376537774,6
3903,30.39235140386773,39.76608906705235,0
3904,26.14367895677073,39.64990501900588,0
3905,36.978381687093886,-7.226584347981218,1
3906,-25.359467070809373,-34.16129022381729,7
3907,26.8479726357626,37.786289312606854,0
3908,-3.3507982168858916,-1.399034275616838,6
3909,18.259080571194538,-0.15755324828787484,3
3910,-31.09137711248161,8.079785285354623,8
3911,-26.56393921798573,23.489870682604337,6
3912,-12.510089409192286,24.60201152161967,4
3913,-47.22566576468295,0.3509681775465822,8
3914,5.636518180180309,5.732214550051148,0
3915,-13.48027695236882,-40.207962964975884,7
3916,3.435456650014422,-3.009349075599276,6
3917,-21.54893077254258,-27.29076201164993,7
3918,32.10927052489943,11.012406053774095,3
3919,8.637168526451656,7.661580675869108,0
3920,1.4275579757690533,-5.873051572054905,0
3921,-5.26237435552319,-41.310098302117055,9
3922,-3.4745080378285236,30.698353235353196,4
3923,-9.683493765789125,16.378242433723084,2
3924,29.598762603406676,9.461725574952805,3
3925,35.39780399671598,-11.86166791628371,1
3926,-20.142940099450364,-13.228159097980866,5
3927,-15.535704564131287,20.721380766944648,2
3928,24.169524721719245,-4.953375982203754,3
3929,46.958929711304336,0.35275142877466453,1
3930,-6.694918680057167,3.3035860606921945,6
3931,31.18597976897525,-9.887255843361944,8
3932,8.58860656978569,-2.1503112070630768,3
3933,-14.527052953287658,11.119758085719601,1
3934,24.574473274097983,34.50840278758604,0
3935,4.2045943467587765,-0.5587940473379448,0
3936,17.212316159717428,14.97078932726306,3
3937,-5.968147753853899,-34.77619695896085,5
3938,43.16172563953742,-12.512045077871184,1
3939,42.578207744163166,-13.58175178088093,1
3940,22.04518332656231,32.08001896730034,6
3941,-24.533160956813663,1.6871295671966577,8
3942,0.48422295506815727,-32.702714820128826,9
3943,-15.12713014109602,42.03407019689421,4
3944,5.2871285258831655,31.928297039161215,4
3945,28.887218330387757,36.13761974034016,0
3946,-44.48002163975908,6.510165980269011,8
3947,6.576543935822553,23.380680103070134,4
3948,19.054297848144774,1.1144365800362437,0
3949,-2.6310445144733356,-16.51736779445066,5
3950,30.447081772106085,20.18424189880444,3
3951,-0.902253471495315,-32.30990710934215,9
3952,-24.59375333373295,0.6757696525709811,8
3953,19.261901941794612,31.918116581162668,0
3954,-14.6321488551164,-34.0301864599198,5
3955,-0.7979250458452212,-16.394616584626192,5
3956,-3.680378643693849,-42.7396340207646,9
3957,-27.527827300273703,22.97249592585294,2
3958,46.741557601424475,-14.085145482033488,1
3959,46.580415763555784,-8.853639230813968,1
3960,-28.69911370213093,18.488950677928013,8
3961,48.128656931932476,-10.826683304194141,1
3962,-4.830813977461853,3.76588956242758,6
3963,-5.819057000090082,9.318300148818293,4
3964,-28.297699729754118,2.270377372837931,8
3965,-30.156331127266615,23.840955697750278,8
3966,-13.25823249099843,-29.765661804522782,5
3967,22.94184935855656,37.00811396492279,0
3968,-6.359736750562271,-37.73479781692993,7
3969,30.61338393255303,39.669954967855126,6
3970,51.08768170769752,3.1780095145288048,1
3971,43.63630321789947,-6.390805429949074,1
3972,-16.91939274937083,13.782969649973337,6
3973,-3.6908186115196315,31.183363868570048,2
3974,7.064741335967715,-32.804029167145096,9
3975,0.6375482496969938,30.602482816615616,2
3976,-44.63009894951057,-2.2302333044635683,8
3977,-34.980835492510025,-0.0008090782484115359,8
3978,20.599686233978872,-34.11199746844248,9
3979,26.394587879734228,20.079202410450844,0
3980,-18.625416591813902,34.86351703328456,4
3981,17.250722417281885,-1.1977001327969665,3
3982,19.353687554883066,38.36161890877792,0
3983,40.26257929942647,-15.719065247849127,1
3984,0.756028178702889,-26.762204700745333,5
3985,27.381512580842532,1.626446158930829,3
3986,13.527395085224455,9.960651122277069,6
3987,0.0445102701012565,-8.515588902896686,5
3988,10.078757064359618,23.784926265206074,4
3989,3.2683715114106584,-34.959632636974455,9
3990,-1.4731453025546604,26.089620825052016,4
3991,-11.982231815629135,21.156186768599873,1
3992,-2.524105962024135,37.279221895567325,4
3993,16.099662951271952,14.735502558027484,3
3994,-0.5007565867792357,31.298775664875194,4
3995,-23.955541978699703,29.958017180867163,2
3996,-16.51126296959114,-36.63882908671094,7
3997,-24.23008189642075,-29.380128217440966,7
3998,11.172825010944122,18.95639410579369,4
3999,2.6849655551656895,-3.546826267162217,6
4000,10.108562266387718,10.156842955372522,0
4001,-34.249296485933854,-28.476383106457,7
4002,17.622330316659607,10.903409272547355,3
4003,41.48355836150698,-0.41092134074563436,1
4004,-20.862830563580314,-27.723341287774097,5
4005,42.755729588478786,0.4930599268077802,1
4006,-21.78926304352568,-0.8538472652903114,8
4007,-28.092417271357295,-20.17439665445936,7
4008,-23.060623273857527,-32.66880162358823,7
4009,7.8729349219677065,-33.23085006059839,5
4010,-32.289299441363575,6.910282327627677,8
4011,26.606177203609416,11.097138144535066,3
4012,12.661522170092512,-34.98879187959548,9
4013,34.36256062098011,-11.265705252825002,1
4014,-30.658124415694893,6.384012876485737,8
4015,-20.800646824456614,29.112667452892985,4
4016,27.376768895275035,9.589043917380785,3
4017,35.02940070990593,18.577480545391214,0
4018,-18.121093510564254,-40.396514091098496,7
4019,20.017613189029497,-33.57932066041276,9
4020,-10.21305343656203,6.872050208828333,3
4021,43.59815409926888,-9.83470772522864,1
4022,-24.679970122560004,23.57951281330898,2
4023,25.774421427342325,36.193254416323946,0
4024,-9.732138054076872,23.4743076034172,4
4025,21.5473525068506,11.529035549859758,3
4026,-4.665191213169424,21.028273560249378,2
4027,4.083432379613864,-4.574435258202698,6
4028,11.219132496885576,-1.4143950422822276,3
4029,-7.033764572065838,-0.8034692882888023,2
4030,-34.33439094394311,-29.37623678536786,7
4031,17.562003917007992,-31.515407955016304,9
4032,-4.510457683076188,3.0040252632433213,2
4033,-24.15538587173243,-30.848470703525454,7
4034,34.423328412182634,19.754512376024426,0
4035,-12.56989111644874,25.980336754695635,2
4036,-14.157010933310582,34.65036591076221,4
4037,-7.168038300089009,2.7168227144613284,6
4038,-25.53114547565152,3.6276097700887675,8
4039,-13.916004710079179,8.363919497772656,2
4040,12.409133076636664,28.92672437473586,1
4041,-10.162164527958877,14.179470690853892,6
4042,-4.073228679399089,32.30241069101792,4
4043,-46.23547503912781,-0.21135607589985012,8
4044,-32.89415839123348,-28.252944277124364,7
4045,30.458328253531814,-11.633535044448328,3
4046,15.021042749001916,-39.15856455055883,9
4047,-29.881479387379237,-23.71365296984097,7
4048,-21.108163461949093,-16.125073513039407,5
4049,-26.761605834938724,-24.142456965309314,7
4050,27.694444108121267,-0.3920619876406081,3
4051,-20.483724013521993,-13.298787865496664,5
4052,26.56892262969894,25.45709744823803,6
4053,9.246903511517312,-38.33146058766649,9
4054,1.9994368022351245,28.20462350634573,3
4055,-25.745696103456066,-33.30686938326794,7
4056,-20.695600371035166,-37.68090182041273,5
4057,-9.13259148702166,-41.7883169179104,7
4058,14.91323042011431,6.684922564908741,6
4059,-3.677741437441332,-39.066173901421415,9
4060,-43.55425953898836,-2.7216358227838997,8
4061,-7.014348902848788,22.910202201623118,6
4062,49.78289069756623,0.6900515750164126,1
4063,-21.70252178334432,-25.034007571932868,5
4064,-10.026384585758988,39.712170336364146,2
4065,13.609888331262164,19.217763568041516,4
4066,11.71339864644896,17.86714836424805,4
4067,-13.267566752640144,14.689352055592039,6
4068,-3.7980212442808727,-25.895229524186778,5
4069,27.380055988563615,11.71576177416844,3
4070,-32.950806865174215,4.892068316741866,8
4071,-3.9007329565644095,2.132715071286101,2
4072,5.492797295200818,2.885165897806532,0
4073,-6.615245033343283,29.884794836577903,6
4074,46.619408853053855,-8.926095410029733,1
4075,18.329491819227144,-35.38432245927182,9
4076,-7.6677995706827105,8.711315227264054,2
4077,-17.90696669548452,29.95103941156146,4
4078,-3.4635241347219834,-44.368512654508464,9
4079,-14.172725196387551,-43.988254161111456,7
4080,25.705068120716412,41.393586400690275,0
4081,18.45904445315036,18.787982322756918,3
4082,36.348132096625854,-11.18071323560567,1
4083,2.9539380245918836,1.8578288371737528,3
4084,-29.466354284251437,-32.89114859576594,7
4085,26.44508266125137,4.233349836954896,3
4086,-18.479707279748286,-42.456855896470934,7
4087,29.67194853503272,15.185975788697261,0
4088,-12.683728323979022,-39.029116527343426,7
4089,-40.34224574230626,-1.1257174225642503,8
4090,6.926086323483357,9.892895159628651,0
4091,-11.609174257883724,-40.164495633130414,9
4092,-14.517726790434505,6.114531068788393,6
4093,-5.723219393107976,-22.676442103062772,5
4094,21.874458112079346,19.816553909948837,3
4095,-28.042237059689267,-0.9671582253347274,8
4096,31.150189457456563,7.008413563447539,3
4097,-3.2394558318122524,-22.138714390561482,5
4098,-23.79781824227821,-38.04819929918904,7
4099,-13.967596691907435,33.8801408590004,4
4100,-19.168436668135023,16.063451616804578,2
4101,8.367076525353042,9.038996545033521,0
4102,-15.927810729915942,-18.33987093068139,5
4103,27.83029023110959,15.92141423984868,3
4104,39.30765600488806,-0.6699229747078204,1
4105,-18.272025766034925,35.492929312713144,4
4106,9.782282477376869,-26.381678127754178,5
4107,-20.430669859803203,-14.379528587771246,5
4108,28.618361936951544,30.769168752582825,0
4109,-45.56051949585705,4.461863060880574,8
4110,-5.089121624515837,20.140433624608256,6
4111,31.00885270210128,35.97502926719046,0
4112,-30.640583212180015,6.411835566189009,8
4113,18.76321876210641,11.32738071106096,3
4114,4.169042217046835,-24.581501612572293,5
4115,-11.684868750368414,41.51266187749985,2
4116,38.711939118115026,-6.761263053455891,1
4117,-7.5161369301795915,-28.408529155866358,7
4118,26.508465482906324,28.701428537752136,6
4119,-12.857059282398929,-22.152009935104246,7
4120,-8.780171342450407,-22.145993098738877,5
4121,43.03167576791807,-8.597722666527844,1
4122,4.4815402996840765,-43.22979200938161,9
4123,-17.38721919373528,-37.49203952389923,7
4124,11.828722067854157,-42.02026861662302,5
4125,11.069938250405945,-33.974183308333586,9
4126,-31.13562241715854,0.2830653021471228,8
4127,-4.712410078023368,-0.017598632917567202,3
4128,49.174838328721336,2.3316366046147965,1
4129,-10.641201049326023,-24.89985189751217,5
4130,3.139284047987205,-16.53273465097942,5
4131,-29.94638657309958,-18.463431529094514,5
4132,10.499470356929098,-34.480949890440904,9
4133,13.44187377651456,-38.147052098195644,9
4134,-25.93425906670738,-33.74330795761273,7
4135,-22.08893211460704,31.41947385212313,2
4136,-17.354898341537133,-37.71563462020825,7
4137,12.901178526076118,-33.91463237459248,9
4138,-3.5634548249825113,-18.62949098224064,5
4139,41.563025996499285,-6.743832185178245,1
4140,40.3632920503573,-3.038698516780317,1
4141,7.9987198262526,26.685653478047993,4
4142,-22.623100491470424,27.458086884605294,2
4143,27.118058177492422,27.956896216024962,0
4144,28.75069972288806,-2.7835114481443326,3
4145,-24.015994215648625,-32.980119162124204,7
4146,-16.753157556089686,-37.069095161984364,7
4147,-51.091336760014734,-1.0538710045523856,8
4148,8.736797875837448,33.12857960195262,6
4149,12.000223204141609,-39.174464234473575,9
4150,23.529116260226896,29.429847683398084,0
4151,1.105891798079236,35.42522016551003,4
4152,39.420288677220086,-6.242843420061845,1
4153,7.775721214188965,17.322819934519654,6
4154,6.205901681711974,-39.598728510255775,9
4155,-15.60652352549685,-35.70718461674303,7
4156,10.77696592963237,-5.73473359122671,8
4157,19.864869758852763,27.906551326028588,0
4158,-1.4380056971659827,-45.63491867101453,9
4159,-29.282527790205393,-33.88628978183482,7
4160,-9.32608217565778,-41.457149843456186,9
4161,-10.429111950954887,18.47434168243117,2
4162,2.6274532774300186,-39.282594251988854,9
4163,-21.886262657599474,-26.011695350635534,7
4164,43.85197868229531,-2.0995729317741723,1
4165,-5.0959708217168584,36.17022337247306,4
4166,24.075401089533468,4.671430114033277,3
4167,8.87964435161464,11.244652444447032,0
4168,8.300810998424799,-0.6931303926351576,6
4169,17.533811729435367,22.82808892485178,3
4170,-20.87421156294685,-29.218666327073738,7
4171,-45.941273852415264,3.4816577087119356,8
4172,-27.483877894927748,-32.052167758782105,7
4173,-31.717139486762765,-20.310156592702132,7
4174,-11.923324819934502,29.593003668212784,6
4175,45.06316428291555,-4.220850498533702,1
4176,-14.42177556987284,-21.948045689991176,7
4177,-4.449442800551115,-42.989856435327496,9
4178,-48.18080346231028,5.385626163994838,8
4179,-13.998212960431621,-16.502647910232124,5
4180,-22.0583244089001,0.5301294509660343,8
4181,22.68842680776709,1.334468663442398,3
4182,-7.609075997816423,11.98168698223494,2
4183,-17.32642999052992,-21.21253030761743,5
4184,-44.53337240018533,3.1371457977768573,8
4185,-1.3751315050315904,-21.95274573842218,5
4186,15.111011688581144,-37.12188835819811,9
4187,14.325488730608239,-32.526608837446986,9
4188,5.8035764104069445,-0.8469169969807603,0
4189,32.82179001717384,-15.232426895855525,1
4190,44.07400950343911,-13.491480604276399,1
4191,-12.44862256063342,30.600964012446614,6
4192,29.81711764218734,29.824934523576502,0
4193,-3.6013268720098157,-31.133508676944654,9
4194,25.968948598714388,39.35517848735762,0
4195,-21.376341100935914,0.8591405981518675,8
4196,-0.6647760547724896,-16.46386075727875,5
4197,30.148287000256403,9.347451173669185,3
4198,36.002494819749685,-9.590402940601031,1
4199,-19.445635645177042,-21.869000804536885,5
4200,37.55260731456458,-4.059816632654805,1
4201,-13.762510597191863,34.091772683660835,4
4202,-5.553884172434131,-0.9306711740507502,4
4203,-12.447187169042072,14.703260241890561,6
4204,45.37584135543662,-0.752255465449618,1
4205,-19.904061087959132,-12.48790559014403,5
4206,-13.763484784869991,9.573162097377075,3
4207,-15.597333813650188,15.086237926661326,1
4208,26.720491744264947,36.55585127738086,6
4209,13.14915788507776,11.458671025008453,0
4210,-46.23297038933505,4.882419717091101,8
4211,30.353130059596722,17.16183387044678,6
4212,-8.49497133878169,41.10460962009916,4
4213,-22.868121944278304,-34.653854228216844,7
4214,31.675550816558783,20.06281593782461,6
4215,-6.180291496074073,18.64922455547833,2
4216,-21.062997106998548,31.991406133417982,2
4217,-22.432009040333533,3.13382518243611,8
4218,-4.602310090357411,-24.664083083416404,5
4219,14.613727045199058,-37.75680570508807,9
4220,17.947830509382726,32.28214338943685,6
4221,-21.412436908304905,31.06232658420081,6
4222,10.256036133248042,13.72593478892141,0
4223,30.346813804270628,11.47282132775439,3
4224,28.17676857352811,18.630203142881697,6
4225,-10.509854078154875,-39.431228793310005,7
4226,31.85245023736016,10.906440963861915,3
4227,-42.23862297959746,-3.5915866644598116,8
4228,-1.153407393200732,33.007619148709814,4
4229,14.124071769125592,20.764934969213563,3
4230,30.68475884516611,2.8590193123351857,3
4231,32.46032901839461,21.456599266397532,6
4232,-43.24101775155573,2.5432717133048093,8
4233,-8.98620078717546,34.953627787149024,4
4234,28.03297769368104,4.830733816452382,1
4235,-20.214657788879794,-13.111682621218453,5
4236,8.607325316990524,-0.6272373689688747,2
4237,28.98857928673679,1.5443073750634375,3
4238,26.314134767496444,36.924076676300274,0
4239,9.899860997346082,10.735321845352095,0
4240,31.934409792190156,-13.83475369101877,1
4241,-27.94829704067876,-28.10383286127345,7
4242,4.611191225855608,-43.262803338889064,9
4243,48.0204330128446,-8.562516609540001,1
4244,9.038063967930016,3.0018325800915115,6
4245,-9.57834610083343,-41.23936258788648,9
4246,-4.564272487371604,23.10503936300617,4
4247,24.597962327600154,31.321887368431135,0
4248,23.672800897933445,8.36025823522921,3
4249,5.443363398510765,-31.339564218350954,9
4250,-0.8250028363094187,33.6161915949987,4
4251,23.02696601248459,32.338299873819665,0
4252,-6.85888109316516,-1.2372978438390119,6
4253,-46.482003116469784,4.39042115229762,8
4254,5.504842487166259,6.257512192154918,0
4255,30.2266585466131,14.811036885576568,0
4256,-23.14445353773286,-20.25491308690251,7
4257,20.843134818307426,30.688834248510076,0
4258,-7.330681699715902,11.02312231419109,2
4259,38.29795279502744,-7.079873928914881,1
4260,-10.70274229034711,27.518367291541043,4
4261,15.41633721466091,19.570646647616176,3
4262,21.336778772247015,-5.568941299411342,3
4263,37.28396730793723,-12.23590056828153,1
4264,9.730185703558472,-0.8498817699520517,4
4265,27.412132370361423,29.000667226011284,6
4266,30.585280602337896,5.731548211066356,3
4267,-20.344379319859655,0.6307543493590709,8
4268,-17.52788898697452,13.829269783841584,4
4269,-7.018097769923252,1.5189435909299602,6
4270,7.840331930346233,27.124690010064896,4
4271,-3.561346210008294,-38.58517427223553,9
4272,-0.2643244120291796,-9.57537957121136,5
4273,37.34675463767408,-9.797263670168793,1
4274,-20.02811676556597,-13.308474356261293,5
4275,-6.455309456869138,-28.414874202832614,5
4276,21.37636495912895,-32.64396665620801,9
4277,-13.306701585963408,-38.931757465485475,7
4278,-18.55769548026567,-35.321729330945146,9
4279,-18.371785034011474,-35.35557997716391,9
4280,-3.3935755948004425,-40.146366072794045,9
4281,-9.156543116174717,4.722347216556471,2
4282,29.05490685715512,11.068034642804804,3
4283,1.3079340834529871,-38.839629829625736,9
4284,-13.677788680780953,-38.29550397508108,7
4285,13.673227340167122,-5.437407765263988,3
4286,-15.659932879321463,28.03974720336929,4
4287,14.044095577449664,-34.23812618722869,9
4288,13.196704748579707,17.66345609214142,4
4289,-29.027863365675763,1.6937185424259742,8
4290,-6.494397613760293,27.474656889860228,6
4291,-6.468739779021166,18.009085192065687,6
4292,12.329409050826536,17.775110961731976,4
4293,18.64858376991961,-31.418502306737725,9
4294,1.949559579148546,-40.39166371506708,9
4295,-22.782917287184663,-19.26519027667881,5
4296,27.121060737595077,3.9670793266996496,3
4297,-2.9118135532847966,32.641774349340345,4
4298,-20.64557111723642,-26.220553106660766,5
4299,-9.382571829179284,-39.71779791561258,7
4300,42.803192951882046,-0.5455610050069,1
4301,-42.59491387615105,1.8558986597001708,8
4302,-45.21031507694127,4.591510414998472,8
4303,-6.293628048179294,30.817987493122228,6
4304,-4.375038381785376,-3.6164287733918243,4
4305,35.80094674574891,-7.226186443552441,1
4306,-11.865533208540542,29.441177520487066,6
4307,-19.62489567245312,31.432897062919196,4
4308,-10.80637593804892,4.9669914246016456,2
4309,46.9588311111518,1.5585680122330956,1
4310,42.27625410186166,-4.293748328127045,1
4311,18.219839803300847,19.53852585910626,3
4312,-22.449253740513775,-38.463941617035225,7
4313,-13.509809457593992,19.19132844856411,2
4314,-19.051698037657747,-37.5608540221194,7
4315,42.186743237347265,-14.397254945474277,1
4316,-22.906655369712762,19.6114213451847,6
4317,-10.186551836411102,37.20773495595518,2
4318,-30.317945770160893,-22.466859280463428,7
4319,9.251150964398443,-38.682235110368744,9
4320,27.21382797617565,37.12605808527561,0
4321,-1.3422478565408402,-43.508296910695634,9
4322,-10.829601618055614,-41.40242063668058,9
4323,-17.486117234809605,34.27480251241069,4
4324,50.088872142264535,-0.7768571431839155,1
4325,14.812814941553555,21.2351858067606,3
4326,-22.631179367005917,33.64141897174224,2
4327,31.958471865040856,10.681664941626616,3
4328,6.043024928745596,-3.5918054993479913,4
4329,-30.27847192388096,-21.45253130586267,7
4330,-44.397772300925254,5.707757734923881,8
4331,2.7120565758848345,29.36378662522492,2
4332,-27.575565181758872,-33.53647326495137,7
4333,-17.302223452401417,15.850674452354687,0
4334,-19.36327193524127,13.300526746012752,2
4335,29.66810217343656,35.25401666791334,0
4336,5.66238252647407,28.91197962970984,6
4337,19.754995077372755,33.419484367485865,6
4338,19.402333896940487,15.370192948650978,3
4339,-9.972129640990943,24.42481950650961,6
4340,-18.628326927215898,15.003390868126948,4
4341,11.14373657260145,17.8372684563282,4
4342,-29.65956646147704,-20.500801051520455,7
4343,-51.195423910703326,-0.9887633593551736,8
4344,20.190368084838898,-36.18486024261888,9
4345,-16.495068199839352,39.35507971294675,4
4346,-43.84575670234668,-2.7840108533323433,8
4347,-14.164080759250949,-44.10590726640825,7
4348,-3.1431314853751178,-3.7159469926317206,6
4349,28.278026588628165,0.37894718247518916,3
4350,-26.75270490578349,1.5993708588689104,8
4351,-9.735941257128722,21.803949314201354,6
4352,-17.477334280076775,-18.251656797612934,5
4353,37.2454487516599,-7.39154896713739,3
4354,37.63993952948939,-10.160705886704351,1
4355,0.5371876975633312,-26.913305958129264,5
4356,5.568282336016039,7.77157142210898,6
4357,37.770606330810764,-13.781632727439602,1
4358,22.98925667228818,-2.4946213440504854,3
4359,13.147398151908341,21.226424188771414,2
4360,15.119883711550372,6.8423961199868994,0
4361,-27.20941904507487,-35.2429530783301,5
4362,-8.730523786947748,-40.67286060253381,9
4363,21.02290421594503,31.526225075495752,0
4364,30.277374974900358,27.57463027044699,0
4365,46.889522993820954,-11.932382640917023,1
4366,19.728844320703832,21.32528992156822,3
4367,22.929826379016482,12.11405794940866,3
4368,-44.33319269092245,3.9188177296989752,8
4369,9.419535588367033,24.463401406375144,4
4370,-15.43943662734209,-29.77886635429027,5
4371,-15.187846310830157,-41.60405939513772,9
4372,-6.75000892303524,1.93364830101366,6
4373,19.027866950929802,-36.40926380324616,9
4374,10.90313251804778,23.620083219620035,4
4375,-19.117921283158402,31.077582538751916,2
4376,48.04784405887391,-2.5703742931552496,1
4377,-18.34513124653725,-41.942584074535986,7
4378,-32.82536451138589,6.200485111285559,8
4379,-32.104187551321104,-26.627523684966057,7
4380,-15.019892847924035,40.262136566860775,4
4381,-3.2585975016075466,20.695786846451682,2
4382,33.418120732876105,20.909277528590813,0
4383,28.153709932577762,18.58767412983218,0
4384,-11.111143252961927,30.820526741967207,4
4385,-5.662009108814638,6.649958440886645,6
4386,-12.330180156302955,-42.209887170529164,9
4387,11.021440020274214,-39.47364013859046,9
4388,-20.054165039771057,29.435239798562268,6
4389,15.805897270795876,-35.324592611530534,9
4390,-6.8097749913227235,-39.92557711743535,7
4391,29.282926920157934,22.046504523769755,0
4392,-18.520682039445717,32.057982451842165,4
4393,-7.399774529332849,-2.2463927142904927,6
4394,-26.37447919499759,26.500541455924232,2
4395,-14.161396435881048,7.614794755291639,2
4396,-13.79632947218477,21.141636608629067,2
4397,-29.84088085798009,-23.841038511403394,7
4398,-22.177080417761285,20.30181318012993,2
4399,23.694124994565588,41.91468941660422,6
4400,29.11187549989012,5.478598015142565,3
4401,31.66852413130687,16.584663064127053,0
4402,-17.516878511604812,27.991746510272552,6
4403,27.586012265407177,31.475434315465293,6
4404,3.8808920482782034,-2.932018702120602,3
4405,20.28074687586142,1.449433274630979,3
4406,31.186323425133185,22.230523841554543,6
4407,35.20237657259179,-11.580860023053797,1
4408,18.78660166896086,17.890387125138464,3
4409,41.95586587630984,-15.46599035638555,1
4410,0.6463922805139719,-15.795185616616974,5
4411,38.55021645150298,-5.4848179819399085,1
4412,-14.130299319631074,-42.74568972684482,9
4413,4.337568696929095,29.69744541002418,6
4414,-5.385629741944232,40.20362546635431,2
4415,-10.79779141668342,23.542037854860034,4
4416,10.18168021174984,-0.6634822885758651,4
4417,-21.868939246395094,29.538347939998314,2
4418,-38.150414637655174,-1.30134380836855,8
4419,17.553862964387996,0.3701185704713,3
4420,-12.490496504354276,24.667804385924494,4
4421,15.719333872345413,17.87086809250581,4
4422,-32.52225451055486,-1.4848284430521752,8
4423,30.57250556610517,7.754539014373823,3
4424,19.746460181302616,15.380621074900787,3
4425,-22.18761146329519,-32.678117755878674,7
4426,-6.828718500134414,-45.57837734870118,7
4427,-19.259006230701655,25.794789332504283,2
4428,-19.116918407858154,-23.987928239099922,5
4429,-23.0926361034879,26.329856745957308,2
4430,0.8746367300819017,-11.948013247656364,5
4431,48.16587407623644,-2.0568114319964845,1
4432,-27.845895164949205,18.615800388766697,6
4433,-30.110617729393137,-29.15388459867742,7
4434,48.08211424075872,-1.5428383137055164,1
4435,14.322933818693476,0.00043959710773180385,3
4436,-2.9301657072685106,32.620273059753664,4
4437,-1.7845795648451763,6.1975283435437385,2
4438,-33.182720821145466,2.138642936430156,8
4439,-0.7647851730242724,-40.50022619273426,9
4440,-22.324617385101398,-28.954160362960554,5
4441,26.15143795691354,25.60464428012774,0
4442,9.70755157372681,-5.558215237977484,8
4443,7.422201826584899,10.117290534665319,0
4444,13.009791400931238,16.60497381374198,3
4445,-15.913137756108892,10.994761667610573,2
4446,-34.095962152026395,4.350352211826554,8
4447,-12.12752689690494,21.147853776577673,1
4448,41.2996177418866,-8.92085908535635,1
4449,-5.659908904733633,-3.108826112839187,2
4450,1.1589125901527702,-12.948019124245368,5
4451,-28.58877426859925,-0.5738598572006169,0
4452,15.527923827942223,0.6182678563100225,6
4453,0.30049587180783577,-21.656953350682578,5
4454,21.693968313206096,-4.898912477129508,3
4455,12.231462053338994,11.174793892893732,0
4456,5.085399680693724,-40.22917008229066,9
4457,7.253525183434459,11.96338682523697,0
4458,2.8857923607998197,-14.398987793394573,5
4459,42.06466337022559,-8.705571317962406,1
4460,-18.411925674900623,-36.98564036678527,7
4461,30.30443371506075,18.27366546361625,1
4462,1.342861242545001,-18.8158809171647,5
4463,2.5047332193399936,-42.49570194591905,9
4464,-48.5409581775615,-4.977149659889067,8
4465,-3.043561478601133,0.2189746151306174,6
4466,4.919908081791499,-0.007730867956951969,0
4467,27.593541061046224,27.764572802050157,6
4468,3.681681494665708,-38.876528935074056,9
4469,-45.246170833593204,4.531392192977411,8
4470,-27.144677325320323,2.53805087879611,8
4471,27.393257022752806,9.132774663027446,3
4472,28.4887873032122,0.28881791604241963,3
4473,-30.133454780656976,-20.480160007877338,7
4474,33.464013314629454,16.626709254406087,0
4475,-43.55995148647263,7.699650630948004,8
4476,29.660467160069835,1.0178076049053824,3
4477,-33.00090559645775,-32.03891010959675,7
4478,27.80703248790094,3.870194105404145,3
4479,-3.834389436175472,-36.58162884624535,7
4480,-0.42980157553053544,-37.01015565304479,9
4481,-5.355206746767258,-24.60551453940529,5
4482,20.617655617654854,30.94087999830391,0
4483,8.127702674383265,4.575743417368998,0
4484,45.11863270987147,-4.081625604341076,1
4485,-5.726576843815794,29.975086864002517,6
4486,11.35319397869527,-39.00820351590829,9
4487,-26.80238505797221,-33.9567082625486,7
4488,14.70102974580769,-34.451722555887486,9
4489,33.99914241506383,-15.278950467857868,1
4490,-15.917126797571587,17.146234772840007,2
4491,1.1756468348177216,24.556334657063424,4
4492,-19.9798860608688,-12.477187059344343,5
4493,-26.15013359890306,23.577178293143636,6
4494,2.561937203790153,-16.802631191155957,5
4495,-21.07390547410929,-1.8082144057986507,8
4496,-43.392617372793744,5.319056836538061,8
4497,5.716924841692742,-37.775767155447,9
4498,-23.949747898221922,38.1341711786178,2
4499,40.689809287805055,-1.2475150934483776,1
4500,25.62678085062241,7.159429008791367,3
4501,-24.040908939320854,26.81855441741414,6
4502,25.504473396309578,32.419102726034346,0
4503,-3.1094135818107174,18.92097764040816,2
4504,-48.66944087396866,-4.58035105797365,8
4505,15.778652767574455,18.932159886237326,3
4506,-46.219980182590284,4.614350579821576,8
4507,-20.9391320813616,38.89265652822411,2
4508,-7.520572648465907,-39.56530124461621,9
4509,-0.8254851187891417,-5.327745738712749,2
4510,-0.24289335018967295,33.22160249804183,2
4511,4.909114686258944,-36.02321384405905,9
4512,-30.995330280494755,-22.46839720481309,7
4513,0.8392297759269532,-11.36466121074262,5
4514,-21.679642136981293,32.19701535782528,2
4515,2.178156605058133,33.41296633023607,4
4516,40.79073512370753,-14.381238422664753,1
4517,19.96179680806384,18.232095407639353,3
4518,-26.49542969023576,24.727511912078416,2
4519,-5.063217173396297,38.50196458377802,4
4520,23.04139836271292,42.224317575543246,0
4521,2.7538805941493507,-40.53193903820949,9
4522,28.58300291844528,19.806760563389165,0
4523,7.510499576842973,4.708772095653597,0
4524,-27.653585403701253,-34.69005564774562,7
4525,-3.482083022794008,1.4283180446594625,4
4526,-49.20270427122524,-2.5094265261679456,8
4527,-30.842878291701094,-31.453529808039146,7
4528,10.898917655153612,6.038880024294461,6
4529,-7.975051148937742,-29.235414136997235,7
4530,-9.26289489716854,-21.773159674241686,8
4531,-10.27656608744106,16.47370820156918,4
4532,0.02311933306573168,33.12461209069226,2
4533,27.539989221903458,37.890791506673445,0
4534,-6.151766469374474,31.03883929294065,6
4535,-15.728623642968717,7.58071423233728,6
4536,29.382519864706186,16.73204720213972,6
4537,12.77442878769921,7.714537334840063,3
4538,-49.93566276095231,-0.9220007321788007,8
4539,-11.581259296930734,-24.842391190433055,5
4540,-45.184698212319304,-2.707800443782756,8
4541,27.89636675713288,24.27993350609087,0
4542,2.8445806230471304,6.2281526381157395,0
4543,44.77206809732519,-11.281460915899453,1
4544,-20.63592508889712,-33.64059243443096,5
4545,23.561488145845374,33.83300334565034,0
4546,32.42644624498059,-11.021566406870608,1
4547,-21.528932850232838,-37.97818687705145,7
4548,-36.702912983310526,0.349365614799716,8
4549,14.738868912494173,-40.31955544317623,9
4550,-24.09655330639296,33.801935876026974,2
4551,10.828994286259158,-41.34116481677062,9
4552,25.844073161086524,35.39261787719989,0
4553,44.10297988403184,-13.684936427003619,1
4554,-24.294277100057116,-22.979693524507134,5
4555,9.01124968798254,14.00183217061176,6
4556,-27.501014291228074,24.520043076908973,2
4557,-11.96235865683688,38.70358233624456,4
4558,21.23249894549219,36.755053479021484,0
4559,-2.4845218204511856,-4.362372336102046,4
4560,-17.857128312954046,-36.693623919004956,7
4561,50.77612760154485,-1.4081311331728705,1
4562,-27.153306809559837,-20.97509675372157,7
4563,29.08345524653409,36.21030647623335,0
4564,-47.60757428186652,1.3459443167110245,8
4565,45.041318412617485,0.42975665461726953,1
4566,47.57555177721857,2.2971574723383434,1
4567,11.447410621622106,-39.51857333540878,9
4568,-28.180288070104,-27.75429548559805,7
4569,-10.270027946096375,45.1241928610998,2
4570,5.880868211632999,-36.64556304044543,9
4571,-17.030307815160082,38.10776308285876,4
4572,23.132480694405256,37.405610741154874,6
4573,32.02861795717654,17.17867883395945,0
4574,11.952234734887856,-36.33068716435901,9
4575,-8.029934038645816,40.68307065165014,4
4576,42.66351261724058,1.8032347081021232,1
4577,-25.232289029136254,-35.9920738735444,7
4578,44.401543018904675,-1.374946833642218,1
4579,47.65624163562027,-7.879953541640649,1
4580,-11.50359992544126,-21.318608468652993,7
4581,9.175340647342423,12.286747405694138,0
4582,48.477380326333844,-8.68861162113109,1
4583,16.037690970394326,15.10458280934524,4
4584,-6.493842076147103,12.506091301112114,4
4585,41.68779788805061,-0.2710703874823722,1
4586,33.137247275484285,-14.656521501765543,1
4587,45.2565662741121,-7.333542304682786,1
4588,-3.8885230851213444,-21.3772067751582,5
4589,-17.993110356579688,-27.673529564983212,5
4590,-5.125312624382271,-40.191913299888434,9
4591,1.7292442893845423,-7.623110564956239,5
4592,-6.393247847439284,-23.036581286019207,5
4593,-35.183816718781664,-0.12825118393871096,8
4594,-30.8774837385047,-21.88386250925335,7
4595,0.685573471542664,-20.24157420238313,5
4596,35.91876907486186,-14.02758714343819,1
4597,-49.297944146489705,-4.372256972974398,8
4598,-22.757114839339938,27.23404021929996,6
4599,51.062980895394084,-7.458979433854693,3
4600,10.242103722913436,-41.52459313221269,9
4601,-29.502793625295052,23.90485261435386,8
4602,12.170764060851218,23.849818501414934,4
4603,4.303585593372393,-37.84518385396772,9
4604,6.185853611495495,-35.46819017458959,9
4605,18.843599537468855,-36.5917627117957,9
4606,4.72659440446674,28.91495155319342,4
4607,21.077371366319444,21.690136843385073,3
4608,26.48514141680639,34.235585390090385,0
4609,2.2577764899133923,28.855590392606384,2
4610,-22.626715162024002,-18.608969829856616,7
4611,18.990464313749726,-36.94859815810035,9
4612,23.469480704774835,35.656355067051095,0
4613,29.254655115773506,16.56893217420533,6
4614,34.31847452344388,-16.41497502557614,1
4615,4.7718546134379505,-42.71667331119181,9
4616,-11.44769760672808,23.079762763555,4
4617,-2.4716201939009523,-3.724483937592586,6
4618,40.188746351540395,-1.6930903098260504,1
4619,-30.009920515893413,-25.059034445392985,7
4620,37.562156904477725,-13.811656863676527,1
4621,29.700457643416048,9.371869200974425,3
4622,-29.061354416909264,-28.27027341468698,7
4623,-19.832744917370434,19.29859571398665,2
4624,-25.964870895954334,-25.494845091657243,7
4625,0.4248199042126109,-3.973266288812706,0
4626,-4.304849951294876,-30.88615107329891,5
4627,10.37559598938338,-33.939691026035,9
4628,18.18577194576852,22.067237949077324,2
4629,20.494772956234055,32.64703863229088,0
4630,8.840859705309057,2.7626281951665668,6
4631,3.0564946311352315,1.281327621014785,4
4632,-13.244895386575513,-19.52581932207246,5
4633,-1.147134600891309,29.802553158894067,4
4634,-6.865493248104794,28.6669011323827,2
4635,-2.542442461180579,-46.17305381445502,9
4636,-26.335212478951593,-0.1872078211760603,8
4637,30.043559092006227,32.21446960120129,6
4638,20.147644556426688,1.5762698955668142,3
4639,-30.614024733153357,-25.368280778846998,7
4640,-33.38333414638251,-23.397832962113423,8
4641,-0.35494997272280165,29.5120281613595,4
4642,43.56184879276234,-6.420245206016246,1
4643,7.3539883606664675,5.219018316224344,0
4644,-9.079310574649767,40.66361121159522,4
4645,7.655854921190727,4.241253045626811,0
4646,2.335342696656315,-34.323950952963386,9
4647,18.89893020660261,32.04978261459257,0
4648,-17.71124468091365,-25.568022555322177,5
4649,-19.220536277336322,17.962563264387825,2
4650,-44.87819686786991,2.993693817141682,8
4651,15.501150447001452,-1.2380832350267537,0
4652,32.32249434310866,-10.963095323199576,1
4653,0.4702722844275239,-17.680768635479804,5
4654,-39.018768255382525,3.9896726630297854,8
4655,42.54159463141468,-7.816526258455234,1
4656,40.88830094154347,-9.678679273564187,1
4657,17.337047589090126,-31.43012576852538,9
4658,-11.473755057421986,8.23804737872801,2
4659,-11.258405526121473,-24.236604938279655,5
4660,16.71672080583888,14.301508473467266,3
4661,9.337468240661238,-33.90844089384554,9
4662,-1.8431494119651706,-44.11321436512783,9
4663,-13.836135588488496,-42.90207930526252,9
4664,-11.755493405559259,31.41824096761521,4
4665,11.299176182106248,24.12523226339127,6
4666,-18.50572400542865,35.26234396129451,4
4667,-15.62167886982163,40.658904119308524,4
4668,-45.20740891282314,6.554027819214178,8
4669,5.980782360882234,11.720881080531456,6
4670,9.753212882686197,5.327866768729363,0
4671,-16.485661383145374,-41.20331745223381,7
4672,-1.645668573731968,32.16053851471411,4
4673,-3.925089734932136,29.909107086570867,4
4674,1.0794897196991626,-17.334835931255274,5
4675,-27.098170705011,4.0993449901641705,8
4676,-8.651470612660848,-41.51454555501294,7
4677,-21.58875812431367,-31.13315162533443,9
4678,-23.72359799710109,-0.8540029498422014,8
4679,-2.76014130840322,32.77509267543867,4
4680,10.13552865364509,3.065498328913514,0
4681,-20.338684297240196,31.239596921792433,2
4682,-5.169385755386791,-40.74106956426985,9
4683,48.040488970546434,4.247425888418851,1
4684,14.63563656227673,-40.4783322629625,9
4685,25.955974318690078,1.9598711845024457,3
4686,47.10337881671228,2.3538707536864414,1
4687,22.085848056733596,29.947136429715467,0
4688,7.0605222175396065,-38.101450904617835,9
4689,29.729744963925125,36.68089776122761,0
4690,12.967895125635561,22.301442562046425,3
4691,25.331486512064924,-0.18561614882691874,3
4692,7.493839890378453,25.217684805385492,4
4693,-19.030320120333915,26.475779093161808,2
4694,-30.141314053666747,-22.995809902042918,7
4695,-10.561550284083998,-33.78942754970533,5
4696,16.73202863016106,22.547441634909354,3
4697,23.906976839735435,-1.6756040252063782,3
4698,41.092424200386574,-9.003332615508599,1
4699,-25.330059889312448,-26.123380598091206,7
4700,6.46412604805332,29.635060649455802,4
4701,-33.62958690425938,-26.510091145638956,7
4702,-25.633663625920228,-1.1119862443608908,8
4703,-33.313804026887944,6.105768843817969,8
4704,29.8515927973651,32.334381332897735,0
4705,-12.037198350204351,32.2417737637189,6
4706,-20.558192090919718,-35.431838223249834,5
4707,-34.74891610186024,2.616857626312669,8
4708,-46.41637561848904,6.411208433135315,8
4709,5.577927078616581,34.10663441476728,6
4710,-46.39831720068594,1.751780602316086,8
4711,1.2973905323211092,3.7882228864450687,8
4712,-14.871841576547597,-23.58464161203811,5
4713,5.097152569782617,29.138362049648073,4
4714,25.282034077293613,34.20518057858098,0
4715,-3.933187393404045,-43.265591385258354,9
4716,-20.498147741513787,-17.878364060941177,5
4717,-17.311279698040515,18.98649635646773,2
4718,-2.011840174475013,-17.23077463056822,5
4719,-48.40372717884114,4.6381196121528285,8
4720,-9.211931973848293,29.24538237831159,4
4721,-8.878014005561289,16.08582865345571,2
4722,-27.119477620572543,-34.22279951382745,7
4723,42.507108412827044,-9.259753717615707,1
4724,38.89454775457139,-1.3063589446649622,1
4725,30.579677561952387,9.140470645454675,3
4726,46.29658508949332,-6.380252431655827,1
4727,33.812943228781165,20.765124780112693,6
4728,26.637951973608292,39.62479503238589,0
4729,22.824796259414,32.956771582590356,0
4730,-42.371258051913124,2.9878404437455632,8
4731,-6.139725002361824,31.25285290352175,6
4732,35.42429760874144,14.942713325769752,1
4733,27.39552218927593,-0.5853702978015896,3
4734,-47.27099586595835,4.066989704352588,8
4735,41.663311122252246,-14.82056593060388,1
4736,-1.6575600025726716,32.03003381407494,4
4737,-17.977738054614726,-30.893363767375565,9
4738,29.628066136633276,22.273527993148097,0
4739,47.66277242702558,-9.57912468099182,1
4740,-44.66428448807397,5.5875885991286385,8
4741,-33.26631486817417,4.671848626727796,8
4742,27.86781212717264,35.68902167451281,0
4743,36.277789810515685,-9.560711030863857,1
4744,2.647120651545962,-6.056180175624776,3
4745,-48.8691537990127,-1.8306564526301683,8
4746,6.042288836364196,29.656188311029084,4
4747,-2.018907814666308,-40.04957879168645,7
4748,7.610596611044439,8.279542626902677,0
4749,-9.127897229524505,-23.454799329251447,5
4750,36.41223201930938,-5.858507614795308,1
4751,-30.42172813256861,-29.131901620774826,7
4752,-19.06628875627873,28.090485882100943,4
4753,-14.332296672430285,25.248375583390597,2
4754,21.92233266376754,-1.7929800474607718,3
4755,40.98872902038823,-2.5348190213574857,1
4756,-4.2616904969840705,2.005247219641321,2
4757,-16.851633298898545,16.81760404699689,0
4758,-26.815171708698244,22.428484407957804,6
4759,26.00516816848291,7.925598854077175,3
4760,-0.4251582568875256,-12.28810746850541,5
4761,20.867954238709654,-6.859234892082413,3
4762,-17.753099425410486,-36.67772506566468,7
4763,-22.940743557067968,-36.97281022062834,7
4764,-3.123242388583461,5.8069701589598,8
4765,-3.420038881385048,27.561618179758305,4
4766,26.532172618303452,16.799293885907744,0
4767,-6.154401441115712,5.649938172087013,6
4768,-18.945015067436255,-16.42801251372647,5
4769,3.9848937496449697,-6.262222554288991,3
4770,-2.722949484156156,-38.3340033831512,9
4771,-24.9985529998823,3.367993283226358,8
4772,-28.575968593381607,-21.555888934664907,7
4773,-26.252514830837953,29.400941979825767,2
4774,31.42385390154309,23.209277761356894,0
4775,-18.268710660530274,-19.05579427253372,5
4776,39.57308463006624,-10.888926764208545,1
4777,-15.965917739638247,-18.83719815653321,5
4778,-22.507754418659424,-18.910079807037214,7
4779,-1.4621608805355477,-9.100390970325757,5
4780,-31.484706118475135,-24.85227401552072,7
4781,-7.584101909886994,-33.93980857810329,9
4782,-2.344291927709052,-17.420245721422937,5
4783,30.195570926086912,35.98872995783919,0
4784,3.3324363781757143,-24.101322032435434,5
4785,6.445673188415207,10.059023195158947,0
4786,1.760558300859191,-34.735478786154424,9
4787,8.961565291967633,27.476689647666056,4
4788,26.321725957752076,2.3699250763166755,1
4789,-9.616858566808899,26.20110625351316,6
4790,-19.036811478970105,35.11312174859136,4
4791,8.2073238728276,10.45174085354284,0
4792,38.74657035158812,-8.320720978186966,1
4793,-4.607898687660028,13.357164409456074,4
4794,-13.285788946967275,42.135754509167874,4
4795,-4.490354742147705,37.904088297066195,4
4796,11.666477855151532,12.576633602550048,0
4797,-2.563840876001516,-46.54478169856933,9
4798,-4.717250585645504,18.715265007924774,2
4799,-9.001673511504306,39.25469561966627,2
4800,18.88354178964484,-35.84072081684879,9
4801,21.329603419677987,-5.924033412940718,3
4802,11.248224419017982,21.635207920048654,4
4803,6.101726742838861,3.058872421356203,0
4804,-14.107734379253252,40.08325233014532,2
4805,-28.901726330133194,-25.19843558505487,7
4806,-9.067106965449856,-24.73657962232352,7
4807,15.388289146185997,-33.223702578546764,9
4808,-26.694635297156466,2.6218233197986227,8
4809,27.8666629810476,37.02004304769176,0
4810,42.15247412684595,-9.833741810397996,1
4811,-12.601178261670094,12.062917873306485,2
4812,-26.465416765290477,7.370314059248972,8
4813,-1.9849532452342424,-17.767528035381012,9
4814,-42.416744633456666,-0.6573803844233654,8
4815,16.279838390898828,8.714381086818573,2
4816,-11.041526308263977,16.137529173404925,4
4817,-49.77153922062693,2.2946441435387475,8
4818,-25.265474038278395,27.28897135947201,2
4819,48.021720150979746,-10.457497731847585,1
4820,13.238971707601484,-32.49900032755041,9
4821,42.89561626348037,-13.193899706418486,1
4822,-12.540111024507523,-44.63156291835775,9
4823,42.80956432469122,-1.3081495615270482,1
4824,-42.435608374953304,10.253352291840525,8
4825,43.40281670193717,-13.466412250293143,1
4826,35.701675626427104,-8.878218777983577,1
4827,-10.51068790949195,28.607453451401927,4
4828,-2.4566655471277383,17.10927688412956,2
4829,-3.538013676297881,9.60715489523035,2
4830,-14.244540203533033,14.60857477065482,2
4831,6.188532192886079,-37.227146197710375,9
4832,40.20954482702569,1.4715752331881105,4
4833,9.48423890861166,22.856476833309582,6
4834,-9.62722231882349,41.7928555576051,2
4835,38.53133144332832,-4.319392599409544,1
4836,-11.54895423912625,-22.785623993513358,7
4837,38.370444554560805,-1.089718220741935,1
4838,9.480388730765002,8.654500824475104,0
4839,5.093442152268221,-37.29590838141855,9
4840,-8.633591519001273,0.434767159211386,0
4841,21.77380542834908,0.21851886126009407,3
4842,-22.562895874241903,-27.632302202954868,7
4843,-16.609321929178797,24.63123458397909,4
4844,13.698271413197944,9.851504259746553,6
4845,5.962727587963454,3.22041582609178,0
4846,-8.964528997685186,12.62780093235482,4
4847,24.407984605058026,36.49398367021669,0
4848,-2.3680841583960874,9.012248560828683,3
4849,21.594898111646774,-34.7643659397382,9
4850,12.444267056544986,32.32774654826001,3
4851,10.645489044750688,-32.847921825910525,9
4852,27.13442423020621,16.76125342746451,0
4853,40.10589278432404,-6.093997386743069,1
4854,-9.514600119853789,-43.62240762351974,7
4855,-45.11689040609855,-3.909873241184816,8
4856,-28.13260066810551,-34.752905896844545,7
4857,-51.12896671340789,-1.5760196783121088,8
4858,-24.116650358320527,19.442266714172302,6
4859,28.371944566518575,29.63224909244992,6
4860,43.65332002736191,-11.715074720112781,1
4861,40.505141164786224,-3.213148684855247,1
4862,-6.286171674186663,38.82127340015929,4
4863,-32.54180750346808,-31.73398730649585,7
4864,-4.451139991033029,16.705153561278586,4
4865,8.56944178088429,20.89090626841271,3
4866,27.057066635572724,4.868005700359323,3
4867,39.42539227474979,-13.337778123786876,1
4868,0.6419275293441246,-28.323770708545524,5
4869,17.319614771980984,-0.7006831112213084,3
4870,-4.669592037415445,20.23136926715404,2
4871,-16.44710393757874,-36.716585738634116,9
4872,-2.1858740071332368,-39.29472373015997,9
4873,24.146273915936185,-0.48428237939101376,3
4874,-4.1333986284310615,-4.841163431588586,2
4875,-13.221985721865757,33.40176521185377,4
4876,-2.4651580506882294,20.90238325282008,4
4877,3.8095531251379824,-44.29956523571413,9
4878,-32.55139829549831,3.28925739153712,8
4879,1.2711497853739109,33.084483155782024,2
4880,-45.72235575856543,7.545115235899476,8
4881,-15.462874153417633,17.880020694614156,2
4882,-27.3136019093452,-0.5401589848745548,8
4883,-8.818519380717248,-40.4078514643704,9
4884,-17.602204827273905,28.37645422411282,6
4885,9.972708223662364,5.122933882649919,0
4886,-2.2036350271307734,-5.55564648196681,2
4887,-21.69575183934683,30.23046388504674,6
4888,13.19903741784082,-34.71463265832804,9
4889,21.136602862803162,-0.03396968669503521,3
4890,9.235204888517991,-36.88704258886981,9
4891,1.3368387812754348,35.6863377374625,8
4892,2.296662069088041,29.70573759042598,4
4893,25.213202777898204,15.356960889223378,0
4894,-12.951039329111087,39.066623188359486,2
4895,-7.642168319641537,34.50906440800082,2
4896,16.410320095048636,-32.63635860511405,9
4897,25.61781457946923,39.631376939801804,6
4898,-25.942321253686362,-32.367432616447104,7
4899,-10.556805043276405,41.52411086975771,2
4900,-21.810729856170106,34.08402787439121,4
4901,-5.098297158694203,8.542389480774856,1
4902,-11.486607738220666,42.86282193673014,2
4903,-19.567679421770656,-19.079786770003683,5
4904,-20.277239621719005,38.599867886301986,2
4905,14.332895508881718,-33.32988710044699,9
4906,-12.530464714576947,-22.570659235276597,5
4907,28.114739067404887,18.963074489976243,0
4908,-17.469301700579496,-24.732236568908977,5
4909,-24.844793657745658,-1.4690967229955472,8
4910,-19.2065265232686,17.97997569470395,8
4911,29.538360461865594,33.125567814755534,0
4912,12.230078999166992,17.011807570397593,4
4913,-24.314100843963097,-34.90359863028566,7
4914,6.783795885116189,26.32052123108093,4
4915,-15.019277578453426,-27.639059261643585,5
4916,37.54956175285371,-6.691790064499109,1
4917,16.263967533806895,-32.62724583800062,9
4918,35.43428332056678,14.92318118514956,1
4919,-6.711188108582154,6.159108550424483,6
4920,-14.849193639393528,-41.69704033137623,9
4921,31.211085000703154,9.506144225177593,3
4922,32.23024582347811,-15.554278215304764,1
4923,-1.4087380640609082,-40.98611285335202,9
4924,29.89383982955062,18.186497741060855,0
4925,-1.3067481048124885,-24.808829505909593,9
4926,-20.335804354466568,26.34703241228956,2
4927,-15.336106609530393,37.13685130805695,4
4928,-19.875971684209357,-22.385845542347248,7
4929,-26.875908795861022,-33.76005764435365,7
4930,45.42854778913352,-10.73700331108178,1
4931,24.00855182422295,32.73444031483586,0
4932,-4.628112236645631,-22.072671980301482,5
4933,-8.462928364960737,17.72933985424152,2
4934,-14.712546525776766,36.37544026534558,4
4935,-6.924321132498402,0.11421675256403221,2
4936,4.150733978980375,-1.0437285387931252,0
4937,-33.92322114684993,-28.75805556818935,7
4938,3.7977939829250187,-4.613248351817038,2
4939,-6.952893739025345,7.428264610851814,6
4940,-20.60062425847707,0.26720943071723957,8
4941,25.74730911921447,31.07354560245315,0
4942,1.226518878066669,-14.224481776552784,5
4943,3.1734989451692064,-40.16044748487364,9
4944,44.36459863546998,0.1517591870349731,1
4945,-26.963004338093683,27.322389805456226,2
4946,42.19738780818297,-5.03462079024851,1
4947,28.443393449734835,2.598536103221822,3
4948,-11.13816001214549,40.81809779916464,2
4949,-19.391882666985754,23.743711822443277,4
4950,19.434061598751256,-34.38550024851986,9
4951,-10.955512858782795,40.891054439069464,2
4952,-1.1544286627179225,7.362814680986773,3
4953,-2.3926058178475293,-26.156903835691505,5
4954,-31.160153004089576,-20.114986722519582,5
4955,30.0985236731249,16.68433122050271,6
4956,1.7667547887155843,-15.660501380587588,5
4957,29.304264212726714,35.24371961788273,0
4958,-22.592045392125783,25.54266428425805,4
4959,-4.708006193333499,2.4622977225098523,2
4960,19.47262298828299,11.727421286504164,3
4961,29.271591599206147,35.66103849811189,0
4962,-3.7414106338533695,25.080989781099422,6
4963,2.408327126651868,-1.6672314603988514,6
4964,19.429265143222356,34.96235831540709,0
4965,-36.37772755350908,3.0438742440729607,8
4966,-18.214328304648355,16.143809037154323,2
4967,-8.143385863969781,31.833562651591084,2
4968,-44.439599603557085,-3.9015042929800354,0
4969,31.16771300539715,22.11837411966165,6
4970,22.16907576683854,9.960938263040202,6
4971,-2.9143469097867936,-4.52941068260017,2
4972,21.025132034859976,20.38579538379366,3
4973,-38.760797791779105,3.9422089154952844,8
4974,21.192614298550787,29.438093436098875,6
4975,-19.70029660418163,22.511527133665894,2
4976,-7.466796424684731,7.449728916253594,6
4977,2.573282748612595,-13.971192825897676,5
4978,-8.945309858017863,27.825399927328625,4
4979,-1.9997180650728388,30.82963563460619,4
4980,1.6169024469489564,-4.3393455158533785,0
4981,-28.498955808274456,-24.115388187513098,7
4982,7.530004895973285,7.487768368374359,0
4983,-10.212390485303853,25.310197321612897,6
4984,-23.25648984815101,-0.2878093226690417,8
4985,-9.009115992521604,-24.4032260904276,7
4986,-15.9941497930563,7.426404125422328,2
4987,-0.14746970662617548,-4.806630485992234,2
4988,-7.742591674065084,-3.4931977072788984,2
4989,33.410330056984485,16.590433178133225,6
4990,11.286666110800324,32.78992754466792,2
4991,-1.3051954803622636,30.915539810786775,4
4992,-23.393697617163202,-36.122130621884324,7
4993,-23.667267343481274,-19.454007957379545,7
4994,20.788020679217823,12.097183168185621,3
4995,-8.017649973803433,42.369642956520075,4
4996,18.813020861378725,-35.5148066211548,9
4997,-21.98459308433994,31.040598871143196,2
4998,7.82954697491298,-0.9285265080117743,6
4999,11.44803982005763,-40.46732251943713,9
