,0,1
0,-52.32778310545138,14.709828288166532
1,-14.63790450205955,51.26723731782931
2,-7.139709295516314,45.034800158913264
3,-24.239636408700378,54.683501348680124
4,-14.575853229975365,-7.913845193795279
5,17.685512293165736,-59.18504195872857
6,-16.126442475033006,-12.97478566928267
7,-5.598528496404494,15.089370496468623
8,-37.802187119405154,-0.7482231935700767
9,34.297316569742776,23.80122381306183
10,68.01244117105423,2.557221498397287
11,44.52029980103677,23.441669282029384
12,-51.275744620682126,-20.00833906619899
13,-44.30922935787094,-2.3753605486540317
14,-50.95100154005611,-14.340751830271856
15,63.00142404511318,-2.121554020539833
16,43.7969417019453,24.09454887048333
17,-51.71983067180919,-17.1496932260742
18,-36.92052128062806,38.618764278091916
19,-43.82621620878057,-2.1350716061282133
20,52.2161930101505,-1.8902741143147066
21,52.29100470693109,-1.9442991300370813
22,-23.321381418532066,16.865006677428998
23,-26.85589504736453,22.334790338042456
24,-61.447337927016456,14.390591716301355
25,-17.66534881812506,52.8051223473521
26,-12.852364046260751,49.657081712222976
27,25.80167316473649,-49.509896127068075
28,-59.63562064846722,15.940794689233165
29,-25.941449243526346,17.663143820677075
30,-10.599597680363072,-38.41381093132971
31,-23.211815947893296,-11.245210161585065
32,-27.814216000831525,22.16827939842496
33,15.510395017701516,-59.74506123523504
34,-22.797309870734665,60.58863230888906
35,-22.784952807678255,60.59096259634914
36,-14.66319622573566,51.245532534541624
37,46.687068209327826,-7.036720716124416
38,-23.339522122540117,-50.83338453745996
39,46.70994279942442,-7.455193737945401
40,-10.239532151904815,4.646593587159692
41,10.143706427040733,9.134553452017416
42,-22.281850685321814,5.225945254859242
43,10.053380969655452,9.052146773119652
44,2.4167441170956194,-14.474544813367272
45,10.512985850436905,72.90370527955402
46,5.4279046063170355,0.9457698181916155
47,-16.967986998198214,3.5673029052091425
48,-31.064094139133278,-28.70955213591459
49,14.34843417727655,14.730564198537712
50,14.659386154980146,-34.28376496338123
51,-10.030648429195907,4.823683228436706
52,14.073897074334628,-32.62628905113806
53,-33.25497856870309,-33.90812004368726
54,13.175990436147368,74.51638610844071
55,-20.391122149608456,3.398633413691058
56,12.992732956908855,-31.915605551544104
57,14.969295615125757,-34.289061469555776
58,12.842490865140263,45.75393872529055
59,-32.36284210717978,-26.648762309319523
60,13.134112908694883,43.825520134443245
61,-21.570979645981684,5.417425126366184
62,27.302117505961814,33.020979374452075
63,-22.180956098427657,5.043283476958941
64,22.02403169455611,-20.75674412695157
65,-35.293536419800695,-34.72020084030011
66,16.55403491525794,-1.6312640862586372
67,3.0666745632839496,-15.644674826365756
68,9.707761197510068,8.935461212270678
69,14.850738235920211,-34.207821054387864
70,-20.229242998194692,3.3767279534447696
71,-32.390641012391484,-23.891767224122358
72,15.483115558965203,-0.9058092596689155
73,4.459736031386155,61.208624979290555
74,-35.11322329036076,-13.183655862630857
75,-16.026749682947276,3.161350131487972
76,19.480801121508577,-14.250323207763302
77,6.810587586428422,0.09820779624817529
78,-13.626885378008849,4.088662882106425
79,15.38645205817189,-0.80870488867639
80,-14.512540854998386,4.607316508210237
81,12.78219504533405,45.55765723732779
82,35.7153341606031,56.5173131220939
83,16.58525711293346,5.904883649263929
84,37.57541338380506,56.53898308455478
85,12.129277655478509,-7.320015551918906
86,-31.142191864375018,-27.970458181834157
87,-32.126849997626294,-23.576347442819422
88,-13.812868642970578,3.8394363152620423
89,17.576665264756855,30.61457556879734
90,-32.68228220166635,-30.613411564486587
91,1.8849786255999208,-8.373026626552408
92,-30.918279441671604,-28.58907490799875
93,-0.8592285693420253,6.196782372415156
94,14.1953959261592,-33.893249045344376
95,-33.20756913406532,-33.45959233674902
96,6.678539707368895,60.9106000936598
97,3.612053577022799,58.933707440302676
98,4.809064623746631,59.46184157811262
99,61.895874071722766,23.648610797691994
100,7.384280290135573,67.96863384075934
101,12.87465000081884,75.19606923162931
102,-32.714170308668585,-30.560080561544584
103,13.366452692009165,-5.614948857196241
104,21.765668427890553,-20.813266249327825
105,22.114220444547822,-20.754010241749537
106,13.025159303322404,-5.928311141129783
107,3.1350298855327297,-10.155128488684756
108,8.710645510668243,71.51988109346665
109,6.876112762602963,61.346540280441396
110,9.767616074127968,74.35343140352578
111,65.40700300086345,18.492739602187307
112,11.851926860049456,-7.558328133577895
113,10.830233221429358,-8.831357774093272
114,19.100430265021455,-23.033437360087493
115,22.010289551458328,-20.793804893367252
116,14.351610989699518,-17.91764981109974
117,19.14784566175249,-23.005567024113038
118,6.592655938374257,59.897341108576
119,6.523947582738814,60.83425098435284
120,-32.186888651934254,-30.33336608101857
121,20.64089099684988,-21.50154620161086
122,12.948076597895891,-5.853999906823725
123,12.325289040767945,-6.6443312964342685
124,-32.66472316156163,-32.101672266210244
125,8.155236635668796,-30.0903049976232
126,20.20939042359034,-21.982495319721032
127,20.303522012874858,-21.989915876472143
128,-17.54325603825544,9.153319181044132
129,11.916445993325258,-8.058387183573632
130,-31.77391848845027,-27.592047490688554
131,10.387768462403905,72.45106781916874
132,7.425260683351021,67.55344742691862
133,11.570607580975954,-33.57875737409638
134,2.6750467830502442,-8.666616130552102
135,12.136880320669336,-32.00524208868756
136,1.2584439768360764,-9.417872484589434
137,-31.592918073395914,-28.15745076694104
138,8.460348187088776,70.11792803232481
139,5.998490705428165,61.34971880869301
140,21.565740657754997,-21.027157035963217
141,-31.638250810019453,-24.137092400419213
142,-33.044808902724625,-33.32365996910604
143,-32.12954794682586,-27.39386580218403
144,-43.11523726273049,-3.188289106645908
145,-9.834657318219296,25.343391071531844
146,-25.544261938644468,-51.4825038719989
147,-75.81202725178645,-1.7938761870771274
148,-25.563921003890194,-51.81244282398824
149,23.485773387073237,0.10112630708934363
150,37.35872575743903,-0.24186393329334685
151,-15.913155157917226,-41.0157713774353
152,66.87262506854188,-2.0615086892832712
153,-9.486230992557958,25.59912189748042
154,-39.01939291675169,-3.0178483542489785
155,42.87755841885518,-31.640091573407886
156,-25.505722749041354,-51.60852066082681
157,33.40198250977678,-1.8957986152066584
158,69.29616068622343,1.5491394045134301
159,-25.63747811344202,-51.21633655770914
160,69.7014446220289,2.835277901870374
161,43.28975572727285,-31.194997740929267
162,-48.6150342827985,-13.862563033730318
163,-25.437054352726665,-51.372969784365715
164,42.85926104993988,29.303689686217904
165,42.82967456360807,-34.16580260805018
166,49.562894293606256,7.000116422710883
167,24.43306388172691,-6.039720468848348
168,29.9613680423498,5.591213727701754
169,31.373221782769527,-9.014539520326947
170,49.775868309943654,7.001795644540989
171,-23.302823639986237,-54.70452160792028
172,42.95618368424801,29.154678821791606
173,42.908179151753096,-31.593834720213056
174,69.92510275582075,2.333886349774447
175,42.94201660986358,-35.58728818537151
176,23.22021131554979,17.412371872902465
177,-11.878466099475615,23.937007301920403
178,40.30789720403048,33.33759682852902
179,4.378251229164162,31.53217958923257
180,42.52989276829311,30.420139004082895
181,32.59715934575805,-24.502149077054508
182,49.75835005736373,6.951746355278096
183,42.162866257295974,-32.39290700294204
184,70.26291746355425,2.216734653133306
185,-14.505052850826086,-12.721866935630095
186,36.98892900436769,-28.02618751492743
187,-12.680360667264223,54.62626263403036
188,-26.876577912972156,27.326105516535453
189,-73.81786451747837,-1.5518936731032995
190,-25.941060992677148,26.506328400441966
191,44.85919860069858,6.358553059818683
192,28.02687852530087,8.321095046140172
193,-48.817101424279,-20.419346742763594
194,-5.999877484475087,-42.88411975484451
195,3.7015526600091038,27.57853452028085
196,-46.80083035666964,15.1606090637981
197,-26.981665402607913,27.68291117251988
198,-9.188460147315016,-43.561579902630434
199,32.455686373468986,-24.14088530241644
200,32.56080371606162,-24.534453080128035
201,-0.6376951934707146,30.651844477151954
202,-25.67823133792421,-58.781190085055414
203,-12.706928633086173,54.621360717773086
204,18.589606634191092,-53.68580763660689
205,37.145781961311464,-27.712998380234144
206,-14.671286735702747,-13.321559756592684
207,23.54733271653078,0.12319085602502675
208,-15.009915779209804,-40.09909596364886
209,33.2869451076637,-1.9209496251751597
210,24.4557258690062,-5.81398832216843
211,-21.99734721143627,-52.71530182986994
212,-25.538205687339612,-51.68352221116791
213,-23.500674129895355,-55.199321488926145
214,-9.81480405762878,25.390944533583216
215,-10.339055800858494,24.733311377584002
216,-20.413405684271094,61.87394390402501
217,-8.0984987607357,48.81928297961173
218,2.8958356810771413,-60.21039906934701
219,-14.082100526730242,-40.90149812271726
220,-52.62636573547594,17.590985847331346
221,41.92937558117271,-33.192131462415404
222,5.37324259137754,-59.07675699329863
223,-23.544585588680764,-55.20308469396917
224,24.03317068928498,-48.59905899378913
225,-21.49581895726102,-52.15122221142905
226,40.50503047155858,-31.21545785129814
227,35.3864868274235,-24.375285741019507
228,-8.107359230635689,26.812799224688323
229,40.715180574852106,-31.44113805585489
230,-0.34933747431708234,30.93492787010837
231,-22.67362288239068,-53.96531581307751
232,-22.331284177360285,-53.41747068216506
233,-15.265224312209892,57.62619677474997
234,19.254747538611458,-53.42018780993223
235,-9.304030235797171,26.043820519293998
236,-57.345418066600395,17.083236409143964
237,22.57534464354313,-49.89281702257529
238,37.125412854640366,-27.789252302963984
239,-19.62998560310032,-51.64265934216674
240,23.59424415350846,-48.69390812789213
241,19.97458284271639,-53.02599460816777
242,-11.164665423975068,-45.451193209418804
243,-22.71420442329278,18.904647979941746
244,3.46875604314252,-60.13790649999637
245,-61.32127971308026,16.485826088829775
246,-8.489799706004176,49.63225120227558
247,11.436628091606028,-56.8591778748342
248,-13.285190592106398,55.283754436962745
249,-10.309991254072889,51.76621042695747
250,-64.11560795831753,15.9831838173746
251,-29.38316860776779,23.154262087620452
252,13.8013464167407,-64.50403989543527
253,-39.53857217977702,0.3437202002442814
254,-15.911311650299767,48.17177279316236
255,-29.229901819517355,23.15330837324338
256,-39.1339144530536,0.2618613805434053
257,-12.590708309860302,47.92654141795673
258,6.269604646844869,-66.7169633025567
259,-52.47111921923153,-16.4985459027064
260,-57.027571031060496,13.152249889469337
261,45.533428617280244,-28.583833576948695
262,-40.61334916740448,0.2878449650884863
263,5.287801073303824,-67.26757949757507
264,-49.645694025477965,11.038670018095646
265,-10.599349941264972,44.00503560922804
266,-10.35564410867979,43.82095636179562
267,-27.00401692850047,17.161885438678198
268,-42.27290597535322,33.241547629543184
269,-24.950782296423306,16.049549631100422
270,4.8644264859451285,-66.82308452297782
271,-51.982553457668345,-14.551133250739088
272,-49.800128886958554,10.021441024225075
273,-70.71334713584064,-4.008932976213101
274,4.798922547014734,22.875342521885997
275,4.334719640368284,-68.78729243396259
276,-41.99456446948455,33.29712272648148
277,5.22926351820119,-66.99078634299109
278,-10.448423849581218,40.20486661207344
279,-40.97538537551836,33.53623632730859
280,-7.8215694389604105,-8.878312336784445
281,46.73485976653861,-8.96286573413799
282,34.947949215416884,21.97658236465947
283,-7.9069812741780785,-8.844230796312505
284,7.332113567546033,23.070016548215545
285,43.02788831240282,5.513801198355901
286,-5.716994989140724,14.941745996401636
287,-5.716994989424328,14.941746016074852
288,43.00903071782664,5.626030915674055
289,24.747034790632746,2.1040545181337866
290,-5.753157506132748,14.899907742019748
291,27.98842806767892,8.477620247292109
292,-10.046110151361798,-34.924921859349126
293,6.801635392156785,23.345764712341854
294,42.93977973662142,5.9353283879678935
295,4.858837737781633,-66.69080315830415
296,4.859838663148108,-66.68951598236215
297,-70.74227729860667,-3.9914917026701913
298,-24.93022525714068,16.04556647357569
299,-49.800643524125434,10.082804600731833
300,-70.70041863430654,-4.035285079772139
301,3.6765851445970785,-69.69650100139935
302,-6.842022737167797,-34.63991305966115
303,-69.59358031080423,-5.103621959007476
304,-49.70543013711428,10.551893848756988
305,5.018162103350793,-67.36853615998676
306,-52.126558060904586,-14.658575645340411
307,5.234678847089142,-67.60898361940076
308,-49.80376269681756,10.964430471353221
309,-52.30961994507267,-14.932078360761347
310,-15.904478994441805,48.150103413369585
311,-3.193581213220498,26.416150980835255
312,29.673046256131972,19.64095526851868
313,-20.835861346360744,-14.037184184170107
314,-11.873613570371768,47.57733800741156
315,29.78768331612398,19.484535817367217
316,13.993190546312885,-64.42193407754125
317,-22.36613541216866,-48.79101294107583
318,34.51231741306758,23.127142982052128
319,-11.464453334550427,44.93406456248028
320,38.53975867397826,-18.667078772049223
321,-52.1191461453138,-14.704030880281083
322,-20.94390739076063,-13.981747790706608
323,-7.963402269991374,-8.821362293699682
324,34.68776765681436,-20.60938082747535
325,-11.121341128489224,-35.3873994539106
326,29.861641417828345,19.37749872779695
327,-50.39928594830131,11.0540419909126
328,6.047849859178577,-66.96269755657005
329,-6.536778005983639,-22.794772754079823
330,-54.989273369006185,6.740547967125913
331,39.159849902594914,9.346241725089588
332,11.988102235553692,-74.5809701976207
333,11.547593952822016,-74.67024062454747
334,-72.07518242911858,-8.930334672016174
335,11.050569891432561,-74.737634603747
336,39.159740846673394,9.349014676621493
337,53.22447734651433,-22.064519749582338
338,58.802090289300075,2.848636425454329
339,2.231082689854562,15.013091673954744
340,29.704916744931165,15.390196107918017
341,-6.299735314763721,-23.281600701892923
342,37.13976511339367,17.75096798101354
343,-6.45736334095867,-23.273475455483034
344,39.16215443236213,9.341829407472291
345,53.26136455014365,-22.009345120753544
346,58.80737982620866,2.847860215141868
347,2.233256714049806,15.008001486704998
348,39.79595969590472,17.85984355310617
349,-7.357923883988234,-11.867069732859688
350,-72.04876444163683,-8.928739721393299
351,39.79365661515362,17.86029650839535
352,-6.015120529280594,-23.433019161618056
353,-72.06684518822459,-8.930187555329809
354,-5.750876014331301,-23.553584645417608
355,26.38215832346955,-6.367777008369847
356,37.1200561509976,17.754884510373298
357,53.27466293064852,-21.97368148866841
358,-57.94073332216958,-15.430132485249334
359,48.755474726302005,-10.187282437111394
360,-20.244511233449252,-21.086329395566295
361,-44.121070472560675,35.147072269080816
362,-7.34847973162726,-11.885157367172697
363,38.6751994402102,12.086353039446616
364,-5.520624736811782,-23.74172612054151
365,39.79582630610543,17.86546966458877
366,-5.703398786439024,-23.599075452082005
367,-2.6448103996856727,14.094544645579736
368,39.79622152723515,17.8606620080659
369,53.21428752120046,-22.069322027667745
370,38.67531183395198,12.086336146143527
371,12.00972169968933,-74.57155815919447
372,31.396785162346877,5.83362855276955
373,11.472701945040344,-74.71592181512715
374,-6.117620038835979,-23.252611709063373
375,58.802796270462764,2.848306912998039
376,-15.839063283153212,-5.89740181125526
377,37.13481953973175,17.750650595315616
378,-54.52563719354142,6.41843245363301
379,-35.571356518850365,5.285107367932933
380,11.61664994939093,-74.7065019899535
381,38.675504761191306,12.086266451351406
382,-57.94178651542658,-15.428441827355268
383,11.487719409277238,-74.71106128539535
384,30.531634597916664,18.446658300922802
385,-57.94072480841458,-15.421898981896845
386,-54.842455997265866,6.6282963880606305
387,37.12588079738934,17.752747214856402
388,48.76035940377721,-10.186582733140385
389,-57.9408590504358,-15.422164716406337
390,11.416030441666084,-74.7247997320989
391,-57.941561788345616,-15.429545908189338
392,10.716336075448675,-74.72310608298832
393,-54.25185273803279,6.243240444727826
394,-72.03098903233506,-8.91650668285001
395,-7.400914361671007,-11.773139192519489
396,29.70575387502263,15.39833333197056
397,38.67515227347614,12.086570107601764
398,-5.793826319332073,-23.537583419460717
399,-20.249103113212065,-21.097090497113037
400,-6.094150918892309,-23.387480181765003
401,-2.653122617774466,14.091572844794662
402,-2.648779160586871,14.093032613937321
403,-2.65228655676723,14.09233710873659
404,33.42586653141564,-8.723667070168634
405,-2.6432700621748073,14.095584053071368
406,-20.214246210710257,-21.075188552898517
407,-6.425083646933831,-23.278815035035795
408,-7.3885819347214206,-11.799466662072302
409,-2.648692278796504,14.09279647745692
410,-7.389358070941449,-11.798837788609376
411,-54.380245238065235,6.317415574614156
412,-54.193506512470776,6.212513801126768
413,48.742377704780125,-10.18251647368656
414,30.993369261758314,-0.8055455938263822
415,-18.22143954747324,41.2095226623212
416,11.502638370894815,-74.71989266852468
417,-18.227793248376177,41.21419681669018
418,-18.18722172715151,41.190767749830286
419,-53.541284624510205,12.209676496756556
420,-2.648835554945777,14.093001747268437
421,-54.15705456062231,6.1881517536159745
422,10.622523561006158,-74.71937566763596
423,-54.27589258417777,6.25437032208653
424,10.860004181534158,-74.7342833910286
425,-18.179176678998136,41.187687593867366
426,48.74859490266388,-10.18526710035842
427,-54.45536266171236,6.363645145215471
428,2.2417107522893063,15.01764980752043
429,-2.651908487178821,14.092488183145452
430,-7.411853778852242,-11.765543363514185
431,-9.085834396952205,-39.22806075052301
432,-41.783836197165385,-1.48124331513361
433,35.10970440395141,-21.466326007194926
434,-50.82257910932291,-22.184807051757854
435,-22.487109548946638,-12.10649206945908
436,-23.083963131544255,-11.084645955092551
437,-52.048380894604065,-21.334829560446032
438,6.966201289327697,28.213878329641787
439,39.806909831685694,32.30860816273724
440,-6.165147496753401,-36.95095565730675
441,24.496287565924835,1.6080013766421797
442,-35.70895945275687,-1.9964305368477182
443,37.685995427262135,-15.683517319297064
444,-39.46192092261624,36.87657602759987
445,36.82340356490926,-19.923157479849745
446,-41.019312770151124,33.090773903329
447,5.427956075626297,25.06169442871146
448,-35.59908891523485,-1.4991535376764318
449,3.9647067929851096,24.093460003206335
450,44.98103328538559,23.45038842711755
451,38.968700635699065,-20.307515119723632
452,-40.78669647684553,33.1792753050855
453,42.32356545873792,-29.332571841132452
454,-71.3178411085385,-2.7437049082486977
455,-48.50625098114506,12.211949087562198
456,3.7791880503276216,-64.9472085584923
457,-51.23281828671076,-18.039674164383637
458,-9.979347463526627,48.074629644230114
459,48.59237469162524,9.18218736717846
460,-5.759212194476531,14.928703028204517
461,61.58599786393714,-3.540687937428145
462,6.571645678264485,28.618760588850694
463,24.97537027795925,14.120726942583223
464,10.157368471835957,-60.56839897113991
465,25.101220556622774,14.103796994998259
466,-27.253135945550213,21.494931581376484
467,44.34401187637326,23.88255378290266
468,-24.306843522071006,17.421469933688172
469,43.45374947108981,6.54497205504276
470,-48.356178713474335,11.980092401574367
471,-68.91866450478494,-4.515299416062209
472,37.13451863369172,-20.491971642219855
473,-51.360232792422934,-16.663027728814498
474,35.98203149754186,-21.08538559516481
475,24.591618734531245,14.218862867420462
476,-17.219778695526553,51.356961684200236
477,43.54757094359731,6.139555592122942
478,37.50543189869023,-20.459834745210372
479,61.66930181463622,-3.3004496172888693
480,38.82983076889695,-20.24993285767055
481,-8.67002115678105,43.94114692222272
482,42.875682353801935,11.715267352740685
483,39.2605306978162,-20.175500278847952
484,62.54080717564337,-1.8269769047757782
485,-10.628850994690847,48.26131394546235
486,-5.665578952560959,-38.72951471744179
487,44.68797269376513,23.74942827966197
488,-7.559250696943495,-8.579209197437695
489,43.27591828270403,6.69862601435219
490,-5.210955003016098,-38.78441232900049
491,41.05432847734992,23.516419950517996
492,-9.176489504531567,-39.3061330629405
493,42.885196938540076,11.725794137698173
494,36.29731153340849,-20.96991772148963
495,25.09330439741485,13.812271509445244
496,-10.343968017951704,-37.712516228635245
497,1.1599765656384593,-66.74666018780215
498,-15.524727458655404,-6.4372521369181115
499,-47.54960327605791,11.12497980953844
500,12.735861530316035,-60.81146189812353
501,6.350852988493403,25.502299951153905
502,-24.63123426839564,-11.268489879562866
503,1.034856371984188,-67.98514868976456
504,13.226227676925841,-61.01027591696125
505,-2.1687534769248416,27.200015318720936
506,11.812641708450002,-60.76514441174873
507,-17.4629347997848,52.80178959614705
508,6.412091134603496,28.87066983867704
509,-24.129475250187266,17.357638513990047
510,9.784074601077773,-60.23572987606319
511,-10.864158355142395,48.0610881020694
512,-19.07979419487979,-47.35396344253492
513,-18.129617001990287,55.38466288772483
514,-61.57809478477469,14.580557429545882
515,-18.127476618015763,55.99470700724058
516,-59.99835279695369,14.820200238413298
517,-20.37566009220374,-48.43678455185081
518,17.599905857192763,-56.446085873868626
519,-21.850180681148995,-49.44556450079694
520,-27.61106642734512,26.228736512921827
521,32.71950193108078,-0.2344698129798814
522,37.28828276756403,-0.14640703229941474
523,43.13764782599975,24.025306146866132
524,42.806950037987896,24.335149241021885
525,25.462781390616943,13.276030433590462
526,63.45742893851559,-2.5750658390245946
527,-40.809045300325,33.39167280636254
528,-20.135603636434983,-47.72440097190866
529,-35.910943359073094,-0.11264090561360594
530,43.37042730481513,24.20511874289782
531,-24.787552240562153,-11.176467127653028
532,37.299816765569396,-0.15114904345497127
533,-13.298356940937845,-38.681534231345545
534,24.207065840977933,13.781413919375684
535,4.290642346715718,25.28890777989807
536,43.77963782633234,7.745705178826418
537,35.865160054062336,-19.755521076425058
538,43.69587884781577,6.544508691955031
539,61.562595081409164,-3.807987783843378
540,63.31961024441665,-2.118311973279008
541,-2.513252391922936,-38.97703074909635
542,-40.726368611506764,33.032633882431924
543,43.25174359114574,24.020976770992743
544,66.94870825260408,0.010666532406583539
545,-2.4167932544603277,-38.411794060593
546,41.130462212964076,29.492159961990783
547,24.470195148280546,14.991472741746755
548,-24.779776508607448,-14.545611981428404
549,-33.725327421488906,-0.395480055150683
550,5.009847852866305,26.342902886393997
551,43.032898042259326,23.958883996673602
552,6.90416848498471,-63.13305834677739
553,28.017872965808753,8.386669896948277
554,35.92081703644964,-19.890379352209568
555,-41.08916711353138,33.08819131061574
556,-13.247013638854709,-40.278985695054466
557,25.756024818865754,12.98180201106917
558,-10.974665391426278,-40.348948781764264
559,-43.03777391164374,32.408933715013866
560,-6.216250585482234,-39.39505189900933
561,-6.4668283272490115,-39.42813941366748
562,-33.27491849726963,0.7056259123350652
563,-6.273533346498877,-39.281720734265456
564,23.348188696705563,17.377305568159404
565,2.5106003840349325,24.378729665691324
566,-39.393460463791556,37.12153257353284
567,1.3831868611230154,24.031063489706145
568,43.76193750871483,6.502973878862767
569,2.918683068432078,24.520145722753217
570,-36.05968847739848,-0.1589440444049965
571,6.636239799497654,26.348676960062594
572,67.25231498411499,0.836087629738213
573,-16.49894080820603,-45.562866534884826
574,-33.8794281598606,-0.8358622198856543
575,-3.5431842100438273,29.039716077792647
576,-39.35991222449051,36.94445614817891
577,42.20731113280187,-29.178407149872523
578,-68.16409335176574,-4.704156562386636
579,-16.698675247180134,-45.192539648691934
580,-15.753138716160814,-45.4989417018385
581,24.365813725075657,1.695459065407489
582,-11.207415533184577,-39.79579430253757
583,38.0837129311749,-20.800520913608235
584,-3.880687270178147,28.79534930866541
585,40.88201982518769,-28.785567573612216
586,41.4897491039202,-30.000079630581336
587,-20.713779023201237,-49.03127322256522
588,-11.514014107046533,-40.21056398966967
589,-13.763956480551997,51.50629204741145
590,-27.089161749829373,-54.75454176704826
591,37.45537889989872,-25.569791656830976
592,-20.54896965278062,58.43468243588138
593,-4.324650596356774,27.77046810505057
594,-26.948698461648124,22.682651179610755
595,-7.7366201483115375,28.618525719937935
596,42.07369359978147,-30.215152376412235
597,-10.313584327452824,-40.254535378854825
598,-18.668453041773706,-47.122175226606515
599,4.886874029803721,26.310377804153838
600,-23.680332072577198,-12.779544428453553
601,36.42504915053225,-17.90068927418841
602,-16.77202059067797,-45.117075430169955
603,-59.84015554550851,15.821555249340694
604,-27.091525172820848,-54.83892075651095
605,-11.281026361875778,-41.094743279687705
606,18.451752900482347,-58.67632452786753
607,-7.177774894570379,45.2743371099958
608,2.5888043619020005,-65.4326678449987
609,13.169779809759296,-60.94336571408947
610,-47.930620986403554,13.419098870826993
611,3.6978958461489913,-64.29976106432328
612,25.220105788217424,-5.801459217516081
613,-11.301082980321585,-39.01243944848071
614,-46.745594400187805,14.428550477803078
615,32.225591247458354,-0.6872065793008382
616,-53.2327652878801,15.28116785339079
617,37.99097970320182,-20.895974823916255
618,3.9871214909248827,-64.19859204076025
619,-23.016431506435424,-10.888497246738956
620,40.12102591907283,-20.45584682918784
621,3.9741555311725634,25.60472519711705
622,38.01281537827026,-20.76659431882662
623,-6.067021161293986,-40.25976656805234
624,-23.660582612908836,-10.053793937346958
625,38.178281598711806,-20.834499735925718
626,2.296221474016226,-65.59333647835692
627,40.14217666063015,-20.24716608834036
628,37.84574999332275,-20.68879152996921
629,1.5784239177284214,24.24105070483425
630,2.3476809733016926,24.069704694944924
631,36.76277479514337,-16.457715376637157
632,9.104303784417068,25.012647010945173
633,24.457621821732406,0.7484173598331545
634,24.4727370836991,0.9483803484297912
635,24.38272316225491,1.4716744009365155
636,-11.63493505842316,-38.93601495781732
637,-13.305677403953245,-39.27764715028103
638,1.4246504141841136,24.10461693353866
639,-9.386600620440563,-40.045431106379674
640,-19.8969850548771,-12.08255432067141
641,-2.143486915566681,-39.17962853635086
642,38.647227685489156,-20.720358177153308
643,40.82120489870233,-19.93707564966621
644,-23.328521221415002,-10.808369638004178
645,4.244486500803041,25.86732241183427
646,-2.104471318642255,-39.202374789796096
647,0.9185824159903279,-66.89344782749677
648,-53.21541630200865,15.244688517654247
649,3.716495589825787,24.839007287847295
650,-11.129990575873537,-40.41390790565032
651,-46.39315778670626,10.349518776585148
652,0.9187499703144805,-67.8858001094536
653,1.4852915805232307,-65.95869871223174
654,-7.376411778846586,44.490035216257105
655,35.99044357431123,-19.960697141641838
656,-13.66078500901716,-38.716569770724625
657,3.1741980749119083,24.56792314907031
658,3.497155867405609,24.78119876215267
659,-5.9180884929644195,-39.29196306346502
660,-48.255225150095534,12.578683773088896
661,-24.850916069483656,-11.35698756966031
662,1.1854939664875281,-66.38886535555196
663,0.8571378799089017,-66.99647743611351
664,31.731036360529924,-9.211819943594678
665,-46.01180560088869,10.121801540252603
666,8.870359538334098,25.050375839413217
667,-11.52490274972351,-39.1652526290839
668,32.27564739791649,-0.8212591666674336
669,-24.978074912299682,-11.278325100026123
670,-5.923114824925838,14.727441880489481
671,-51.363449618606765,14.566419294658242
672,40.91858897578887,-19.51660623693568
673,-1.8856145792892873,-37.87485300887885
674,8.78670915743054,-48.60740507094668
675,-0.7690863815521893,-68.9903184255637
676,-25.51059503739576,-15.602186402566671
677,-6.781184486950562,-38.11540360688785
678,1.4658484096176305,-66.05435901547335
679,-16.01063790938421,-12.877022617147572
680,24.4269727734473,1.565032888373989
681,-0.6334493028805237,-68.86952927540297
682,-47.46681339354154,11.358410596526367
683,42.907578879696885,-19.12194687740688
684,-45.98110318530051,10.101346434433355
685,-46.18168640872468,10.236199183190847
686,-46.09943059139774,10.18031343607344
687,43.991447562686815,4.401510567075219
688,-26.601974304127815,-12.08827354528901
689,43.966152338038114,4.266055258246295
690,-25.785163098428125,-11.848055627658637
691,61.87612662734682,-4.476634005001377
692,-50.30288013797227,-14.337774446685394
693,2.2342971356867247,-64.39018419837966
694,-68.37960846481471,-4.398006065768478
695,-24.912342787074365,-11.534897118941686
696,62.690608968957115,-4.1651920126707696
697,36.142468537823575,-17.68667124271728
698,43.984035536647376,7.37373782740824
699,-59.86446291312056,16.395341810251434
700,24.1801873840602,13.398088303420137
701,2.061133420797922,23.864427922840164
702,62.88324262220486,-4.125465118615184
703,-25.762969037289142,18.693493711599174
704,24.495119890930383,12.9151945420027
705,0.04914954447122713,-67.45995096889759
706,-40.36652576018122,32.46895917970528
707,-22.518675250094454,-10.40474816511997
708,41.05922847252744,23.654984674562105
709,36.0901586385151,-18.012462366512786
710,23.36724950651881,17.409747338913096
711,36.44532184837985,-16.733131049712394
712,40.09687101247523,33.22996001146561
713,32.063371338492026,-9.881013128651183
714,-49.70267004360738,-17.416073455002273
715,-15.016639666446114,-39.68451152139478
716,36.396824013497586,-16.86717715589317
717,-39.55034541470465,-2.084145538771546
718,-22.48967069460757,-10.58550271328099
719,-25.628783678819786,18.610025509285762
720,42.44624854233265,29.274213198120126
721,-24.852635580366233,18.390929936463948
722,49.27995866817447,7.3649145524119675
723,8.786638570991231,-48.60923500516194
724,-8.38920320898935,-41.37394790134629
725,-46.97863376482701,14.119749450051307
726,5.174382518046513,27.197815515445598
727,36.43062181971122,-16.75269106802509
728,36.224766221741085,-17.460432629483645
729,-16.565069305350256,-42.57309658224686
730,-62.01754275810505,15.003365400341984
731,-19.58061069375778,57.88464089362835
732,-19.48377758389131,-46.35338120993155
733,-43.997112239240785,14.89744213341682
734,-28.25552953123048,28.91361404876381
735,-13.204536276490744,52.29280037856775
736,9.806635161548025,-59.049382894710526
737,-53.430369422381474,16.3816318932054
738,-18.833083269819458,56.336302687746795
739,42.89980162622984,-31.61310670677279
740,26.268258214095493,50.04970319971606
741,20.033510540093385,29.986267167128425
742,15.322748240407764,43.14380077078825
743,65.78718721306224,18.99349463232725
744,19.503486634713273,31.670074043748944
745,30.551045714338272,48.33289796742302
746,12.343469273309285,69.29373859426309
747,26.35532370661184,32.82676060555294
748,19.271944700159267,-8.841599296805537
749,-1.2250535573519938,3.0718985775073513
750,15.326412378314272,43.07038945030103
751,2.575832232650941,-8.279795881418963
752,-36.057263424092525,-13.319276375435194
753,26.349325558975053,33.05007603616648
754,32.73998286655373,55.97948708309579
755,26.346441225721563,33.1007599449015
756,15.133402913300971,-15.57978830321886
757,14.910377573490669,44.861793483202405
758,-36.00005762437622,-13.426577513293287
759,14.974416363854699,44.69820617018834
760,2.0864396103133838,61.332101268395476
761,16.997820389493956,-1.4396578483421265
762,29.11621593812909,45.645341842609625
763,19.53137701379851,-14.175698762762265
764,4.328764020311681,66.250793805211
765,12.892747896865037,69.70498016086873
766,19.505475018119032,31.69520063769704
767,22.817057917598213,-22.57434464573284
768,15.323883924662722,43.05907165503404
769,19.49755835334137,31.754420510623973
770,19.496231113399833,31.7434211234393
771,23.084062730728217,-22.598194840867297
772,-33.14440645465634,-35.93103271415536
773,16.96428687023487,-1.4938989913044793
774,60.07871288755955,21.169370506610367
775,18.462258957911747,6.286680003081208
776,30.09028759042718,46.96889421961646
777,18.431977724909768,6.278664515852966
778,60.73578525639947,20.758748344121567
779,11.624260471794733,8.12351042039949
780,23.287142002078394,-15.227318359230129
781,29.87051039302977,46.521636416548986
782,16.017569446187224,13.873489767805735
783,29.92370051896334,46.555862624183476
784,3.1541430783537967,-17.238007237093672
785,10.219572209329337,43.710698573576686
786,60.0259566416446,21.261895751439162
787,19.49734866951915,31.780632974320667
788,-33.256982283867295,-35.92156121480695
789,19.731168138694844,-8.701491743009319
790,2.139633108905878,61.88207541921688
791,19.2367381889729,32.49404702967477
792,31.027140064750565,49.40636173528854
793,-34.150571939041406,-29.838821087276074
794,4.285468213053058,66.34405417470772
795,2.707529538551266,64.26402887075405
796,29.919868409814082,46.50765384499097
797,-5.887173414255541,-2.3451548484257416
798,30.068965014008914,46.89409552187187
799,7.570838770612146,-28.471481338509104
800,30.07667164419013,46.572322739682676
801,19.720700219915713,-8.776978521737302
802,60.070659874222734,21.211498266896086
803,14.03014840081,-6.4667921885362505
804,3.8857359566337935,65.86422297341959
805,60.736340836454836,20.692986838195626
806,30.58977305265098,48.41277622531668
807,31.378197506090622,49.91365985560591
808,-33.47051088608886,-36.002336973038425
809,30.29821311786376,47.438587739982054
810,4.291390602706847,66.2920110340758
811,3.4012062143812174,65.09455351172993
812,60.08143254130204,21.05359632871125
813,63.96109941484901,19.634269426334566
814,4.510961420140853,66.59308358048914
815,30.15721177662746,46.93280458567761
816,30.03524042159091,46.67056881850452
817,7.055401366003441,-28.207519441169723
818,2.392970193001171,-17.69193218723257
819,23.093375479760546,-22.34687584438613
820,14.158234064250575,-6.362269127926434
821,15.280593148853566,-15.313269434191362
822,-8.364131197554322,3.546321538341868
823,-8.293991208780268,3.40392834994823
824,-7.794062713075377,1.8282580850020937
825,-1.193473118458909,2.868768884264988
826,2.3500166405312046,-17.710749522369902
827,-8.346493609909325,3.531777916481859
828,-34.14510432366539,-35.970125651036355
829,-29.508954525791676,-32.283285943169574
830,15.672382924382093,-15.291891225515359
831,15.231155120752353,-15.321130283262798
832,14.51064649463417,-15.152475187100457
833,2.2234212397594892,-18.086338808555432
834,23.063755282559224,-21.5731840825236
835,10.333202559391864,62.031340290750876
836,24.45926834977237,46.65182709943253
837,24.45875379216107,46.65243689182308
838,19.76035072741248,-8.956678210946551
839,2.1563039051484,-17.592416322914357
840,46.68557580683743,-7.4297469758311925
841,52.2811311403343,-1.9379479763007175
842,-15.467391433179047,-6.516391766416708
843,41.13873568772141,29.27037564458626
844,-7.51181990324378,16.659495361329757
845,53.583397725108206,-2.815158723389322
846,44.54573069494194,-35.082369786054976
847,61.87596808732815,-3.2847278266702533
848,-8.131361050959427,-38.29840656531285
849,29.578006968214474,19.76952675416284
850,42.1810115347996,-29.203077443543055
851,-8.07208467674263,-38.67555336855364
852,46.83427945174744,-8.66159498757481
853,-7.716156265800292,-38.36053553990129
854,46.82062537342945,-8.117052437721874
855,-9.085946067873138,-7.953782035157819
856,46.69320383953671,-7.560381479286279
857,53.56897133017569,-2.803570919088877
858,46.780813391045,-8.480660433258148
859,42.878471234510805,11.719841556554421
860,53.61335118638424,-2.863177162236402
861,34.95294349420655,21.96404304214144
862,29.824366509560097,19.39552439788938
863,29.840756462602993,19.389926500320946
864,34.91651727564837,22.04826974689139
865,42.88855421155336,11.723962344627019
866,29.830253845603348,19.395960931215367
867,34.990851160092866,21.884708054489817
868,-69.05224695640315,-4.482446720021641
869,46.85944312320135,-8.631186734413332
870,-6.806942372007326,-8.886157329873482
871,-5.186113613764376,15.24803634841141
872,46.885923969124256,-8.693410009916212
873,46.91604890799783,-8.699203467067578
874,-6.554263291247988,-8.95811208879564
875,40.67206485678564,-19.829808009128463
876,-7.427897413911064,-8.667084651915385
877,-15.507287799902649,-6.463113207256663
878,-6.899527762168784,-8.853024303360128
879,-9.31927219202206,46.25788886321709
880,-7.109393816041995,-8.785656283384725
881,-7.482426260605884,-8.64887241466261
882,40.37900320813697,-19.949952618139225
883,-6.628515004792916,-8.935009484444553
884,-6.4324010964003735,-8.97829195757137
885,3.303688113395994,-65.2723348480945
886,-5.122941562807064,15.280851516264848
887,-10.667042015689306,-41.38217040062356
888,64.31107646530242,-3.1560860847083667
889,-11.935833465436701,-42.690700004139295
890,-41.959842182863056,-2.2526107109159303
891,-56.26297830856501,16.24171991172033
892,-74.25204517354115,-1.866582603042649
893,-19.47556490082334,58.41638593837696
894,40.18442122305525,32.2658383932327
895,-61.56794672903726,15.13126296425897
896,68.75185208712641,2.108273091190025
897,-11.80684653047971,51.549879130597596
898,-75.5994361871201,-2.2202209400746593
899,-22.39329645625658,-51.485716470735824
900,42.1258319400007,29.44105827615026
901,-7.126317628081254,26.456337394464295
902,22.919287121752493,18.851019086809377
903,-21.256092384911625,-50.29606796612015
904,69.38602933225911,3.163853568108356
905,-27.40474164565088,26.585060137834095
906,23.85236926841574,14.63942436069058
907,-61.64241714020955,15.076782357973192
908,23.373294396585408,14.011935904024424
909,-15.778273614183526,56.06451715406615
910,69.51573417070782,3.4215647912152005
911,34.75229969309678,-23.177781809251133
912,41.830040997823886,29.854258178764873
913,-21.92448908818466,-51.018029501188884
914,44.39583393053665,5.909010449607807
915,-8.329398595186552,25.26240784270829
916,41.20327334176385,29.651498522204133
917,43.142985724356215,-33.32623328502822
918,40.32790674084895,32.16768417065033
919,20.226522901860964,-55.062869321708995
920,64.07717127617005,-3.246492336227963
921,44.038191160380414,-34.750348210529715
922,52.96436469867422,-2.412933788071522
923,-21.845344494702786,-10.252738288132145
924,63.038800219236904,-3.6095076400103654
925,37.51996269777626,-25.285001129149588
926,-76.34297768601331,-2.2000233970216687
927,32.14184933764456,-10.051982594557336
928,41.22911883731235,30.117139340061556
929,24.327783804610174,1.5567298164595778
930,68.51535388428287,1.3717379411669017
931,-8.139208362559726,25.50491816730061
932,43.74839533237245,26.921765885614644
933,44.703447097829695,-36.85568592622863
934,-50.07188192890238,-20.931906977863218
935,-22.166182407552444,-51.22389164649703
936,68.69214571823899,1.476700671253342
937,4.885335277189696,29.541137666431307
938,-49.79008207897352,-25.081553336411247
939,-22.914215187474472,-10.132676747411287
940,-49.88445786401647,-20.988904191327293
941,-22.95586607752751,-10.235310521983607
942,-49.73897370328892,-25.992543800550198
943,-27.19913711320317,-55.19677990963048
944,-76.4040730683865,-2.130917789568264
945,-10.629945623744868,-41.39348861022175
946,-69.10369373101818,-3.4835542610668844
947,-7.9930816249539625,25.574994573661204
948,15.534714395999048,-57.2108758124216
949,-33.852903850796025,-1.1566278708130535
950,5.751721263165557,29.356281432282678
951,36.549028911275286,-22.083099782141648
952,45.29295605910211,24.78629407158332
953,15.697941576493882,-59.1986698107278
954,-50.773990416970044,-16.40890948838711
955,4.015120858461386,-63.998726070659835
956,-41.515085468354776,-2.171784601474113
957,2.844706223374245,-64.1640598893083
958,68.26748535662169,1.7953170072317253
959,-10.294148445095399,-40.46853197944284
960,69.02537627876234,2.496127608591217
961,-27.55302214313629,27.250992484052887
962,-27.751593659281628,28.22269986702729
963,-49.93716186503988,-21.080107847244225
964,-18.68185339362522,-49.033542047477695
965,-50.2815109824111,-14.450280461783999
966,-19.77676688402544,-48.76023131360718
967,-50.12644881952889,-22.749127410292964
968,37.30022642559006,-25.383849580518767
969,44.39382901757359,5.745215668540227
970,-61.90562833208464,14.968330633665538
971,41.2220505951145,30.481074818058126
972,-12.056255588617967,-42.8940894902404
973,40.03717731421409,32.669797760794935
974,-15.268977205908262,-45.80306908629577
975,41.25098213550008,30.470278807798245
976,-17.445001961138292,52.940093950542405
977,48.565284367444164,8.175715070856631
978,-3.2676138868079807,27.718355877238523
979,-49.75493484505585,-25.256424731366803
980,32.144289781847874,-10.093961249341968
981,-75.47347449660121,-2.249988739496543
982,20.942468445133596,-54.53639370243879
983,64.4626030039442,-3.2077391890209057
984,-60.20454702815851,14.984590287185139
985,-18.242840796566373,57.86560922728897
986,20.51011554498586,-54.871096529072155
987,-47.433077873151774,14.813150918385926
988,-27.66221674589522,27.885891973702
989,-19.737445177741254,58.63943181771834
990,-16.32215171752757,56.488406219098245
991,25.424138311860187,-49.228074447126254
992,-8.363153172404745,45.3112421043329
993,-48.09361385979733,12.839253464394298
994,1.841699146355204,-65.13764909264901
995,-10.908350644985536,-41.590328529239414
996,-26.630638589252023,21.840955245316305
997,-24.480462325699538,18.00210206692283
998,11.796629387536752,-58.37475069491127
999,18.545672044734758,-55.63869511482265
1000,-27.757675469849634,28.18428971402918
1001,4.970580662268795,-63.703914412244686
1002,-3.3194894530881163,27.710669214829664
1003,-22.385847577664205,61.34008867388367
1004,18.356464944697272,-56.3901203331569
1005,-14.34412226636789,-45.41455733260083
1006,25.415534970432695,-5.612377194238496
1007,-48.16576297739744,13.049880947049488
1008,-56.86828311550277,16.336126083307917
1009,-19.933227383333495,-49.13251303359987
1010,-10.658287106592734,-40.22574875933304
1011,33.86065803686503,-23.604708983092877
1012,-21.22563489627129,60.37756561343098
1013,5.139607390761821,29.450959403309394
1014,43.94725199008962,-34.58715861326745
1015,-19.262574251563024,58.04361281271593
1016,38.024217230592186,-26.578041682232744
1017,37.3825503118032,-25.820812077006185
1018,-14.713462688270708,-13.103143050747857
1019,-21.947065630297537,-50.89531067633766
1020,-62.001709909247026,15.070251996567691
1021,-27.238487853253627,26.319872429220524
1022,-18.004707612140756,55.38743883798802
1023,2.8007079567081252,-61.09166284880044
1024,5.610023404131703,29.537653034969757
1025,-61.73029740347844,15.720913905550628
1026,-18.889931734039727,58.591238282144765
1027,-43.46406527275852,-3.12692948745413
1028,-9.943392080315958,24.53579239901652
1029,-44.21143222173295,-3.3662829828379746
1030,13.299866863897108,-57.47644682736635
1031,13.299636469973219,-57.47647305254585
1032,-49.4477118266657,-21.668475180560655
1033,-47.332403824287574,15.660342378852128
1034,-11.456978118772486,-43.344366031936225
1035,-33.99750090991345,-2.5478463359207733
1036,10.918220645069228,-58.268324733037915
1037,-38.31093612801771,35.84234941523838
1038,-18.08895647491051,-49.86060026427886
1039,-55.720735402921555,15.712314364092263
1040,-73.88707601694576,-1.6447050882265244
1041,-21.156622157639305,-9.70370067968623
1042,-36.58429717025366,-2.836837103152173
1043,21.225362258424116,-53.639385115299966
1044,-49.173181014783225,-26.703832778511632
1045,-15.154489301896835,56.61490436898935
1046,-26.395789891532036,25.33286142483326
1047,-74.865886481071,-1.8208093648932773
1048,-22.444782379807027,18.40035983203122
1049,-48.78326831557877,16.066229484260635
1050,-38.859261562745395,34.10724742042769
1051,-26.903371542770948,26.261043623289154
1052,-16.845081539825735,57.276094094000996
1053,2.7659103968515857,-60.764434485062374
1054,2.7659151884160433,-60.76434152342532
1055,-70.20077202241835,-1.7882249950420317
1056,-52.8591939403107,16.947130573800553
1057,9.94096917160422,-58.81509092940924
1058,-53.37056699061668,13.108515628515477
1059,6.176375864869438,-62.89460960002455
1060,-35.48951963066779,-0.2314684358635341
1061,-22.43031154766198,-10.165221491860155
1062,-9.807248793271775,-42.63105564269155
1063,45.23876791700948,25.54243880612081
1064,-47.9254382239552,14.383873897831993
1065,2.304948763502379,-63.38911173251255
1066,-49.66063503015528,-14.584128573816237
1067,-52.151905994193825,16.368918660188047
1068,10.304016861686607,-59.574647167593206
1069,-49.84272548976118,-18.210995635052363
1070,15.092173474916338,-56.363753625196864
1071,-37.63847266229143,36.767114691484004
1072,-17.041154692366128,57.672608745759874
1073,-17.04106918422118,57.67271568335328
1074,4.257067585672087,-60.608813373894115
1075,-48.230234868219576,15.845533420202171
1076,-70.80386251794137,-1.9396994877553742
1077,-15.900337990235915,-12.391671076056666
1078,42.257953463045574,-32.903255816229404
1079,40.81050227957006,32.02637756990035
1080,15.725290469199138,-56.04267399949294
1081,-57.27428835410634,16.629825544572103
1082,-41.28575770705066,-2.6581093351131475
1083,-16.77715151158637,57.54337417325849
1084,16.744840203986904,-55.75688182070004
1085,-49.31744853378515,-24.59112823175051
1086,-15.32847424221952,56.416802397368045
1087,-15.328053027876848,56.41901424361176
1088,-49.502161206773856,-23.11437137712303
1089,10.850274912826094,-58.765546634062865
1090,40.266460341844926,-29.025892007880042
1091,67.33759525895574,-0.06551401439497946
1092,5.6679813722548555,31.056806512247938
1093,5.668204038408239,31.057067430707075
1094,65.18487235448258,-3.2997807292789187
1095,20.075479448198955,-54.315803118545546
1096,-61.82271186622622,15.582912081155117
1097,-14.395544033482551,56.226253477973614
1098,14.306213353835698,-56.458189173980756
1099,-37.8148599377409,36.38655844186577
1100,-27.631556255681833,28.50223885090865
1101,-76.73795991964828,-1.9533673024024705
1102,37.21834564422221,-0.047915278760337736
1103,25.131734072144894,0.4950729480132037
1104,25.128638949264253,0.49347335234390166
1105,42.05132125858192,6.477315542949568
1106,42.044634371100976,7.425912228973188
1107,42.80115456452932,21.73988962605774
1108,42.73560030179897,21.741351248570087
1109,34.979722405845806,21.897253034928653
1110,37.8698212283823,-4.402224428522529
1111,-8.256700498265012,-33.4027428884182
1112,-22.500433316248486,-14.37478415001738
1113,1.9219253859212215,-70.11355776260399
1114,30.32700659402236,5.63811726861265
1115,3.933595429429712,22.273454123923614
1116,41.894161153673295,6.178201068839967
1117,41.26435425457348,23.185837200491466
1118,-53.11283446123333,-14.6783709756231
1119,-9.178416749061338,-33.21962682094697
1120,41.99598209409115,6.507803676312453
1121,-15.550591688330279,-6.382774668243578
1122,-33.86993694281854,2.095264929059972
1123,-42.64551633085924,33.535158349875864
1124,-42.80996452846751,33.20229432139665
1125,32.45550606405955,-1.8151157700730498
1126,-33.94114483682579,2.11981060739483
1127,-15.035694024664904,-35.47061695301319
1128,-69.7233738484369,-5.339320915527893
1129,25.121749922575088,0.5128988317567229
1130,59.77317364694473,-3.8902868031950684
1131,25.11173364712753,0.5394569197132993
1132,61.022268461695965,-1.0732941578123614
1133,42.69778871631094,22.182641070733588
1134,-53.0589917582846,-15.378167613325097
1135,25.136041034598385,0.38008675315787227
1136,-35.26942999338925,2.3514884228453363
1137,-52.983904499762254,-16.395608451473866
1138,62.72337387864196,1.3214948605503234
1139,39.44828246157984,-19.385699187181952
1140,-73.41525766878867,-5.236581318733044
1141,31.76718833239542,-8.595701697770467
1142,-41.48064794050225,36.562612350159824
1143,41.74745351912813,5.817578475741397
1144,41.659261879284045,5.26852638291651
1145,-10.096748809594851,43.36238270636211
1146,-33.889191253815106,2.0852304208722114
1147,4.2998009378403586,-69.93116307112244
1148,26.21534679221801,14.192501258993286
1149,-9.052267975498507,-33.261918978203155
1150,41.77833385974559,5.862335482161348
1151,-6.878710481451551,-9.071815134113407
1152,-38.89045871668584,0.955235795066214
1153,-49.09957620486296,10.801565340586777
1154,-40.879384307470914,37.315270847074885
1155,-26.665613369004355,16.35451522731777
1156,42.15831967822245,21.732124405444413
1157,-26.920321158414033,16.832292183531653
1158,39.11978004460007,30.01873646236694
1159,-53.32136439954116,-14.58361909178551
1160,4.101122866296991,-70.36287898834921
1161,39.12213040152495,30.016298209222082
1162,-16.27865516370813,49.635552630370164
1163,-47.657516963414885,10.694981477857489
1164,-39.09126885161028,0.9071347893238372
1165,-27.013048283512436,16.995755774449165
1166,26.02574839916731,15.436623467611007
1167,4.1998963496184105,-70.03517154880291
1168,-39.49432508218163,0.882607823766633
1169,-48.17579501156,10.765959563637107
1170,-40.17274748651348,0.9546505593954492
1171,-26.867996015380164,17.14105758315155
1172,-40.85827904086893,37.432050688772875
1173,-7.097332580927861,-34.03762184421869
1174,42.33108129102664,21.730497493730475
1175,-8.14124682845076,-33.465472478314396
1176,-1.8285640510644154,-37.73053639541809
1177,-54.106466248637055,-19.888250619153155
1178,49.011825868472,9.578921071867393
1179,5.973302156541819,-69.13634972761808
1180,4.255235926197603,-70.05907704449493
1181,45.66994962279084,-24.34399133732453
1182,-9.67406249009512,43.17209024683107
1183,-49.21327613440572,10.720686859399143
1184,4.866096768554772,22.461665496917067
1185,32.24405753662196,-9.63545015125884
1186,-12.963443077328604,44.494292091258
1187,-51.576072511025494,10.778184688269054
1188,-17.08005810948226,46.96414899247625
1189,-19.566038306425963,-14.915406732324833
1190,-20.177441785015482,-14.69661164225358
1191,-29.59096528756125,22.255369076150043
1192,-55.980486466257666,12.8762752311041
1193,45.68360410824021,-26.590562581273407
1194,-3.1507893281458483,26.40958721717427
1195,32.45928217859842,-1.1993521719885238
1196,45.088079536647854,-25.306270311614846
1197,-13.076101151345812,-35.377509043280135
1198,-9.509662817987296,43.1367719192643
1199,-9.419656395441269,42.83309640590204
1200,-7.566444205748089,-9.052655873266447
1201,-26.81068959417633,16.998111658057002
1202,5.472357089355923,22.278272324908542
1203,-12.91189618366212,-35.1377049031946
1204,16.387123100648044,-64.81945160019932
1205,-25.474494453756012,15.89236093914935
1206,-20.451210713705457,50.055374919957636
1207,-18.351536202273284,48.6204939579305
1208,45.76291343613406,-24.930490683121764
1209,-12.774747514297783,-34.84830440938846
1210,-18.573879101306908,48.94882289924723
1211,-20.78191163570926,50.249690840109224
1212,-9.850888927461414,43.21677605954902
1213,-9.343781067135172,42.77056087295363
1214,16.237032940580175,-64.89273989759684
1215,-4.090128349285493,25.881313540188092
1216,-52.048786801807324,10.816936019932182
1217,-12.752988092800148,-32.40702244424315
1218,-20.376501665616814,50.00516452711676
1219,-12.30084176529344,-34.43363013608843
1220,12.314925027187442,-65.68152278340801
1221,13.925747743485948,-65.11702502659915
1222,-18.32901189955781,48.64022486142779
1223,-30.629228010672126,23.437074104510167
1224,-57.31437114591537,12.76221515298541
1225,13.746172552488488,-65.10446107427347
1226,-20.475718816433936,-14.603969949114308
1227,-9.257208758643092,-33.227210927341815
1228,7.391099549246688,22.781509793289008
1229,14.006987054950665,-64.7453203619528
1230,45.88741667083996,-28.054317547591022
1231,45.71218195876304,-27.3966140732397
1232,-5.4158374799858935,25.242127686677833
1233,-5.403657741301748,27.894201285036626
1234,-49.17291127183223,-24.947102350175097
1235,-21.85291098995508,-52.064845831340435
1236,34.675790909551004,-25.421281981031797
1237,68.7361405037507,2.458759666271967
1238,-9.037588678731273,25.874725363393242
1239,37.32368510688301,-0.1892377321874629
1240,-0.36530959165564403,30.80059918303431
1241,64.11560213195966,-2.1221207727770195
1242,15.944076468420862,-58.44470026339835
1243,44.801045096740225,5.7626261165683825
1244,-14.06497464832605,56.15878483815189
1245,-69.07918406196237,-3.2159996522956096
1246,41.60587995301674,-32.51802752345177
1247,-49.858999928147256,-14.623008274694515
1248,-27.005025252955445,27.277529676483823
1249,-49.94219753617894,-15.241963250310878
1250,-18.17274370001886,-49.35498458154467
1251,-50.08754290284045,-14.640387830555616
1252,14.635284303184847,-55.990930658526445
1253,-33.177405824431276,0.36754887268231745
1254,14.85880727511134,-55.98035436754413
1255,-41.621078746712485,-2.7140677622603873
1256,-61.98534172100525,16.002872227437063
1257,-39.99562491189006,-2.666595494210103
1258,2.0446731293318967,-63.76228388981297
1259,-48.84460539642495,-20.40778745158729
1260,-47.67936744236127,14.757443107306479
1261,-49.16739118053769,-25.125416819521803
1262,2.8749467864077056,25.456045702537725
1263,-49.43936450316258,-21.481406566806704
1264,-8.027129729387607,44.84006704854273
1265,-49.28105881631023,-24.188325095120362
1266,-5.389436707526893,-42.02396655957686
1267,42.78096680433361,29.106447786438384
1268,-5.504320525746915,-42.26813357463307
1269,42.702781406692836,29.3559779311431
1270,-47.53044110172815,12.207566946396923
1271,-39.915450323936135,33.29343297224087
1272,1.2463933553154656,-64.94735322503213
1273,-49.175704188611824,-25.726372989075568
1274,-8.895082734348058,-42.737532475989454
1275,-70.56391392224752,-1.8479715728471482
1276,-8.939603707788727,-42.749642228330195
1277,-69.0439090318051,-2.942439727657723
1278,3.9681505636982473,27.508783954732177
1279,-37.02127998371539,-2.9153814900474826
1280,-8.084074555617532,44.90031051395178
1281,-70.1529184055132,-1.9795533568222077
1282,-48.55181110480604,13.511034587368652
1283,-72.93844064974738,-1.9598683317884118
1284,8.067084250103905,-62.80989683722457
1285,-0.5413662558134984,-68.63325824456881
1286,-70.26616070996577,-1.9869429417843976
1287,-25.560227788522763,18.7002112036988
1288,-8.010242844965434,48.31741037246294
1289,-69.22944955564643,-3.0553022202705757
1290,6.448519456776543,30.270548328691536
1291,-71.7298055390506,-1.8933088686284079
1292,46.340454070634976,-8.750586974368337
1293,-49.258688223973714,-21.157064440144513
1294,-14.849714906016137,-40.035408521589346
1295,-49.180627608807995,-24.793296491705615
1296,24.39341379466928,0.37829098543811135
1297,-48.895435725440215,-19.65937508706951
1298,24.351776293043567,0.5027403009116743
1299,-37.262286310883745,37.23371841807542
1300,-16.5133416158916,-42.67692402612333
1301,69.0294650899887,1.410581753998197
1302,-33.303558650204295,0.30012146147208957
1303,12.000069532022682,-59.615037850987804
1304,12.171550804696142,-59.6678270476636
1305,-38.20905612416384,36.03635396416328
1306,-16.395971927888972,-42.49846847420989
1307,-43.600485999608495,-3.254467868329176
1308,7.260509162336311,29.347865326194718
1309,15.985524474680604,-58.6568671496822
1310,10.297411373189282,-59.54383371343097
1311,5.124745377394342,-63.087367305530016
1312,-22.886611557313344,61.99398631803441
1313,-0.4686187006788708,-68.5029235125834
1314,1.047749637676988,-65.46865820545447
1315,15.442346978033846,-58.35801524616911
1316,-19.20332548955148,57.076881981084284
1317,-24.38828121218225,18.537271186632864
1318,-17.40127062851007,-11.828618164734507
1319,-10.643308223756694,51.39843275433517
1320,7.100903206874027,29.772408051012327
1321,-22.941084202939212,-9.466022329853859
1322,34.39407514784874,-24.934953147370457
1323,-14.566391484345141,-40.15219451784202
1324,-66.18811825230304,15.603104220686264
1325,-8.851840827812305,49.502487925114245
1326,20.35980596731415,-53.97497302647464
1327,-23.71928301445806,-55.07735041605915
1328,-5.561693127960972,27.782221487369366
1329,14.482867780829615,-55.977411690385345
1330,-46.29044328176404,14.906841289094999
1331,-11.249290650460852,-45.24322628702055
1332,-15.226108435916872,-47.43251628743594
1333,-26.95607720120832,27.064767908936297
1334,2.8048577083824893,-60.53062712082127
1335,-63.486806859396665,15.822580068088836
1336,-47.22550606606515,15.583484403666791
1337,3.555547826990981,-60.48628444430823
1338,7.234026606942996,-58.8795385458386
1339,-20.669755241161244,60.51044571678125
1340,-12.529403977535312,54.22590925510527
1341,-61.493546251346935,15.961603281797416
1342,12.783295148482898,-57.754336187697184
1343,40.93239227543597,-31.27239198234091
1344,-21.78896785786639,-51.94087404850631
1345,-60.33427849634859,16.300354307048902
1346,-48.096401111967296,14.279985239276963
1347,31.576987613439627,-9.226756303115717
1348,-55.85361451958494,17.137146343012102
1349,15.089383221726205,-58.30482287187999
1350,1.5869110682480014,-64.44378543010997
1351,-47.60943141185116,15.641351245491624
1352,-50.517124498219495,15.5301115002545
1353,16.98861234618718,-55.539750009268914
1354,6.074488720481904,31.454360621011464
1355,-10.558331792767058,51.48728011247376
1356,-63.30806736097394,15.825738878148055
1357,19.505925955912492,-53.86693840738845
1358,-22.799988713020838,-53.27363198552254
1359,-63.70458411918279,15.623797702032821
1360,-62.86278557637809,15.838386357885138
1361,34.909098714875384,-25.380755520467073
1362,7.741074179316781,-58.71689052635308
1363,15.916176011242303,-55.7703523710439
1364,-14.572642460855004,56.3166974530087
1365,20.21202832126979,-53.91604103916998
1366,-10.245773413283285,24.503146929850747
1367,15.939203604206996,-55.82749201571889
1368,24.771796339816746,-48.80089509398841
1369,3.7729551319190033,-60.48535105229896
1370,19.414593101831237,-53.85732710363798
1371,-57.08683131216847,16.738314792543463
1372,-62.238640942532975,15.764389509487751
1373,2.999268750134926,-60.6728629728285
1374,-57.09385094629647,16.80313523452518
1375,-48.13340324694764,15.835587929589042
1376,-19.94698401277621,4.026641314036179
1377,-0.9682053144794757,5.357889256153849
1378,12.091606874603038,-31.510324281685065
1379,10.728011693159793,8.856584279786288
1380,2.979867285750703,-15.168318541609297
1381,-31.498453317490796,-28.503678644460376
1382,10.762192609212306,-30.418088583318134
1383,-13.130208709481394,3.039055565707392
1384,0.719153564906133,-8.600658647581795
1385,13.797929829862285,42.03621013182359
1386,-17.495583999973817,2.9318171460383904
1387,-19.981855678040365,3.9533303725897126
1388,-32.44128029268507,-23.053567073371077
1389,-22.046212172565593,4.493394376721917
1390,7.514901689004248,-29.31907887879826
1391,-34.97960531294807,-14.122576193162912
1392,34.259719956765906,55.79641045794865
1393,13.708767261308733,41.896653858155254
1394,66.71455855973112,19.14602861698242
1395,11.460925488625938,-30.956302409295127
1396,-34.335497541658874,-14.899690149365691
1397,27.523691793958438,49.31513945421821
1398,-9.459398293021085,2.895937867554519
1399,-9.652113220916764,5.416555190395886
1400,10.25183876358706,9.27079035857398
1401,-35.04798774707722,-35.04300241736953
1402,-8.79024883885691,2.4731206957941376
1403,12.175974842050472,71.54316421160524
1404,7.363066296769985,-29.203635800573363
1405,7.291811384585523,-29.31524649263859
1406,13.751619656169456,42.05419965889372
1407,1.3905535674332925,-14.228098614444496
1408,-9.738994738077672,5.630850602565496
1409,7.03223831264627,-31.599403873755364
1410,-9.39928015701661,4.168261385151365
1411,-9.285950677118612,4.111741484225364
1412,-20.714214018256513,4.588145942058067
1413,-35.128530943532546,-35.042776920429546
1414,-33.27232714145379,-23.961960775810386
1415,10.420610592288797,-30.35985597981127
1416,-34.82196820328544,-32.04990128961035
1417,30.64336398815192,53.38333771714393
1418,-14.068229218562118,2.3567266301035747
1419,27.542440727670947,46.00121459395346
1420,14.24473618825027,-15.054199378825867
1421,3.9181658916926203,61.7598391136764
1422,62.72887718268425,20.976500270151252
1423,13.908527269928877,-32.500739525048324
1424,13.889558477943474,-32.25073710922895
1425,7.273639216778603,-29.23576039612245
1426,-21.056886111356462,4.635849973636958
1427,7.091153062918499,-29.191874983491285
1428,13.620330195497768,73.50276349937789
1429,1.835664816519651,-15.454987776926183
1430,12.465483214211567,71.89711620083757
1431,13.561674996536448,73.27520092683172
1432,12.76640832746292,72.1610534348617
1433,13.06686017075997,72.36409162203995
1434,-0.989782429132758,5.252497649458487
1435,13.441368324420571,72.95423314071435
1436,-21.623642208197424,3.9776115382228197
1437,15.160400172551993,-33.545200168688844
1438,9.592532284965571,74.1977483088171
1439,13.245537905022566,42.629322421415985
1440,12.941018107033074,-5.754297875853657
1441,10.883830488137223,7.193204343427803
1442,-32.95351447593204,-34.17843759396145
1443,27.198588868177417,32.71593884867843
1444,36.235596285621945,54.968379763366855
1445,7.778032408497839,-0.8225735159821564
1446,27.151460258342848,48.646432325988734
1447,7.840458650735499,-0.3220027546730895
1448,8.943124599934208,72.18144298352723
1449,13.695945330480303,41.92330382027007
1450,3.15430194043263,-10.721998037336212
1451,13.499223720279373,41.97063518728779
1452,18.30025170468371,-8.984712594799086
1453,18.1466772583157,30.667123633064232
1454,36.39889777519988,55.4577175223808
1455,8.791614051878287,9.362876371224433
1456,-0.45239378258840207,5.789977738205709
1457,18.36554391396361,29.961528681369384
1458,65.25399789613681,18.459677445053597
1459,23.12956501365243,-15.422969375767043
1460,6.85623929438882,65.83899426773259
1461,16.511345574502723,-1.5527424101942078
1462,27.058797994988133,48.572428557418206
1463,18.12137166579616,31.34835297625106
1464,19.493809838893036,-7.741780836557872
1465,9.03190700292869,8.663473068715751
1466,3.4281553258578485,-10.224207410506416
1467,10.11174536690952,8.603967877353613
1468,-0.2692610323213062,5.460567763707427
1469,10.849217461272902,8.024834547248922
1470,-19.441840383686053,8.22161972587334
1471,-16.409614136415964,9.214668175297355
1472,15.214155969696453,14.276128258341975
1473,-0.6628523074453099,5.673715529792421
1474,6.475926514142474,-0.14802786449141214
1475,8.808827112690093,74.3045318536492
1476,13.638788785633428,42.077296646719105
1477,37.67424417655474,57.195856043326195
1478,22.984287538555538,-15.595737959571231
1479,2.5717757835474946,-11.57650045876662
1480,12.89113476405976,45.07892784918702
1481,15.69161937654151,-15.743562099003247
1482,9.70281236148481,9.313595528733115
1483,10.841876034471454,71.49528054128189
1484,10.915771519919323,7.821393448512412
1485,-17.328962382397627,7.557119807728353
1486,5.875630317892239,0.11969571712930986
1487,19.547578196843393,-7.9228676943104785
1488,6.999985776154065,-0.3256333434759726
1489,-0.8401232087574508,3.825565661750786
1490,16.58547979466279,5.699805532938086
1491,30.653969934317207,51.42685325445066
1492,-34.08329325176924,-14.3599391224919
1493,1.4708844551774471,-8.511683234926014
1494,18.843281951837,27.12890945957616
1495,-13.635712534084815,3.0594681396796886
1496,-34.125723006160015,-14.111475667987042
1497,19.536396367273603,-8.14949087158057
1498,7.062771357531828,-1.0758629282335137
1499,63.327041964728195,20.20651573557989
1500,12.670674769412981,44.364941566503866
1501,-33.15424820327368,-32.815746308545855
1502,-34.08093897242571,-14.144253133217727
1503,34.4737987412906,53.766309889928316
1504,13.270952651669045,41.94431905665298
1505,-17.045393051736887,7.354046304331973
1506,-34.61290880825676,-13.496639981499595
1507,2.691740429590613,-11.322451061678068
1508,2.4394576450932157,-10.902667844889166
1509,-13.931673400533182,4.727995352474105
1510,60.64690503921418,22.18435095348387
1511,15.732855548435753,-15.738202828270673
1512,3.273144491530955,-10.0743997387996
1513,10.097376580121734,71.98060798719388
1514,3.2376868315007745,-15.478738148545059
1515,-16.858240628010016,6.672055034429746
1516,-13.90885568387661,5.567951395564553
1517,8.187397048574327,66.41959303913602
1518,6.140532283968632,62.404523997350914
1519,2.393576565555953,-15.083348482434639
1520,1.48401770410825,-13.962263782357013
1521,-9.85694825540595,5.1643462904266375
1522,7.446081725384016,61.00920816196782
1523,14.582910342069082,-17.433887448847734
1524,-33.36929231822841,-33.41860269565917
1525,-14.080618384467654,5.694884200511477
1526,37.49153520599168,56.22833945550147
1527,65.5659675605906,19.372285115789623
1528,5.388287130197403,62.98607248770497
1529,6.407013886480481,60.40317174510391
1530,15.638840684351388,-15.758211449800827
1531,-33.04126417473598,-34.45379024189242
1532,60.496294104734396,22.598101638641054
1533,26.249144149713917,48.45968856822018
1534,62.857560848942626,20.55058826741471
1535,-17.540230963424623,9.362933828605971
1536,62.376906320070944,20.16177372516207
1537,36.86374006229381,57.521380058244986
1538,3.077890009408066,-10.432038283682557
1539,27.455111391409755,48.59404687005922
1540,64.80212650135171,20.394531315634786
1541,27.457157019463473,47.408140420007626
1542,27.354546083848078,46.296840426759225
1543,60.18597074942409,22.493493807394092
1544,27.311927244725368,47.8865538852489
1545,-9.753007794941931,5.588737502434973
1546,27.104497085165402,48.2124847571065
1547,-32.19098116912021,-34.2173638658689
1548,26.203711770100846,49.60496770456164
1549,15.87029211667487,-15.702099800911581
1550,36.23977334911979,57.659201061347915
1551,4.3906157833628505,61.431880757595444
1552,27.353365975813674,48.37608082017194
1553,26.24673054667914,49.84098459642704
1554,7.049462981513378,-31.787695807843782
1555,2.716497722585727,-15.429317342599045
1556,60.016816283685785,22.239100134098404
1557,30.35311135345882,51.56618054953858
1558,62.9019861184962,2.816658628384355
1559,27.1272044133388,15.835409287168236
1560,39.821873116902246,6.403114601529901
1561,39.650422072779534,6.334101993652815
1562,35.04596761577701,21.69662664328855
1563,42.45762425355219,19.841498756645642
1564,42.32045014097056,19.85727382057072
1565,-35.492853438029336,4.1594514535475
1566,27.370113097323745,15.52411061512678
1567,40.08114930086721,6.530903310353088
1568,-36.179892857075195,4.051287369649475
1569,62.559163809066234,2.6695240327074425
1570,40.154578645555596,6.614610112090972
1571,42.44701678010133,19.81499210936268
1572,27.725191727018498,14.779420973648827
1573,42.8686514406721,19.57361813805717
1574,-70.83038740622106,-6.25152100462604
1575,43.09309201004001,19.05495760369536
1576,42.82583890135906,19.602459418892405
1577,60.96942607735663,1.9727309084828581
1578,27.670009228508093,14.884961971821603
1579,60.81200653278714,1.9599364179763117
1580,40.33210661451354,6.700717599120326
1581,42.85323420516564,19.654244234887805
1582,42.485842036276864,19.879569411386402
1583,39.847668298892685,6.424383294354274
1584,61.05565847489917,1.9503317826274087
1585,-43.62882788310341,34.334152606169354
1586,40.41404969614879,6.682157866553243
1587,61.28568117858711,2.0552418111822446
1588,61.189194156903696,2.026676179079789
1589,25.02949948011079,17.94417145206529
1590,61.8445254219702,2.3546943223477306
1591,27.17952222005621,15.777222694089328
1592,3.579519565285649,18.199359222628036
1593,50.48065679069593,-18.598689472974158
1594,-9.933645501361884,-28.55661203792464
1595,-12.397862895603428,-28.892806152718734
1596,47.87690420627186,-26.72187645244238
1597,-19.217725492364558,-16.155432972569205
1598,48.08195509467055,-29.56788463033543
1599,51.03873734427524,-18.100774927104784
1600,-24.402895809980897,-47.56169412206574
1601,-28.67030864826251,15.943939238260556
1602,49.737379507445866,-19.42590212105124
1603,-10.093627783670275,-27.504037746727242
1604,1.4838674608248663,18.62509676169996
1605,-7.663247375750485,-9.838421521562523
1606,-10.406420748632538,-27.229672012059094
1607,-10.73588012579904,-26.667863454902996
1608,-12.190603063976072,-28.336133913631823
1609,1.745764420966729,18.585923963706527
1610,-12.250694724025813,-29.057569925160124
1611,-10.609731973864639,-27.183821219190285
1612,-10.857784105954389,-27.501879407299917
1613,51.60649576234185,-17.626708462166018
1614,-51.75836474494161,8.451313910417941
1615,-21.751168738981583,-18.18499315330868
1616,-11.228860123162065,-29.972074506805537
1617,-9.559708074455942,-27.646509715543086
1618,-29.575364264390217,16.789268622575474
1619,-9.36036513029879,-28.32157524532953
1620,-8.296536324455415,-28.335072740084534
1621,50.155309731452775,-18.965087029614054
1622,48.75549373438392,-20.39662313594092
1623,-9.971154256023175,-27.03225735756798
1624,51.04275608143337,-17.741144625589673
1625,-21.62453415072144,-17.97812565518971
1626,-7.087502649992032,-28.738034753261555
1627,-8.999021156199737,-27.803702155604487
1628,49.75161788132475,-19.41947626044191
1629,31.477246684038054,-0.6922125712474687
1630,5.254652254811034,18.53171291927797
1631,-22.481824881593976,-18.962337061797502
1632,47.920685506548885,-28.982161122217377
1633,-12.312193159947553,-28.400353980273238
1634,-32.10473373018329,22.859504443934675
1635,48.42732648343334,-23.831273423901262
1636,-11.84682017575263,-28.823189373798286
1637,-14.96070115719068,42.934311414707835
1638,-10.602174155734303,-26.898612375015116
1639,3.4653971085875632,18.04748721338253
1640,2.081270495486827,18.490014766168485
1641,51.03933092958922,-18.15235450060807
1642,-8.871945488593525,-28.254469908619942
1643,-6.240480898188161,-28.83386792994914
1644,-12.384898258985865,-28.992068813496278
1645,49.95229670387182,-19.882935902904876
1646,-20.32241870181283,-17.20221320533516
1647,-29.95521715664832,17.413100812697348
1648,-5.588467925885939,-29.04345877922963
1649,4.942548099794895,18.792151730139935
1650,48.80276120802696,-20.418159559800834
1651,-6.2205320438884995,-28.829660056786768
1652,-22.041282935641753,-18.503869620982186
1653,48.80798646468284,-20.19918582645693
1654,46.13009999474235,-20.566690890752312
1655,5.320415877158914,18.539918326888415
1656,49.51567737952429,-19.49554887926554
1657,45.88658705048896,-20.417812372565344
1658,45.775907763981486,-20.40030681911075
1659,45.54229605282888,-20.41079770513061
1660,-4.824592108694435,-29.34711502715692
1661,45.82147619899306,-20.501312746366516
1662,-22.627473995106058,-19.155628946684683
1663,3.666192970385254,18.24572731236455
1664,-9.793103848744659,-27.29078882738583
1665,51.028670140383376,-18.100783875604446
1666,48.64869887515888,-20.57860768914732
1667,-13.098067422445702,41.176602497753514
1668,-5.966354017517911,-28.929451870688766
1669,-7.144105332230426,-28.735181693509148
1670,5.22124411354574,18.53605873895133
1671,-22.53058533406474,-19.092535347722887
1672,47.90779920660821,-19.942702699150356
1673,-21.620846699404126,-17.974513585156785
1674,50.562689794043486,-18.198933797470715
1675,-22.50071372689461,-19.010848505868847
1676,47.351880978904184,-20.472067761493687
1677,-7.355243613421713,-28.68634867725851
1678,-9.328923467739216,-27.455925228003235
1679,-21.59627055938661,-17.95643034682967
1680,4.720340380015545,18.66265265841542
1681,-11.267613131699196,-30.021473970716045
1682,48.37618282714333,-23.980978450819983
1683,-15.133036709798189,42.57923643218205
1684,3.6735926791915294,18.241637311330482
1685,49.67136287702944,-19.450226720702375
1686,49.650555906636484,-19.468632839178586
1687,-7.6473611971101825,-28.61251958167479
1688,-7.693417510979498,-28.620323792753638
1689,5.249658745650304,18.544743818641628
1690,-6.103506288282422,-28.879949147230736
1691,-29.209509850290882,16.45029185759134
1692,-6.833381787036501,-28.781414901893577
1693,47.77267456141203,-20.545344049776382
1694,-7.425844205684633,-28.677687549921945
1695,-5.001224739697393,-29.260934034903393
1696,45.21297880341172,-20.300563129536513
1697,47.41810283323563,-20.31023883699097
1698,-15.361700433363819,42.76434097328217
1699,-28.2485476040456,14.548189660027175
1700,-6.280912764862302,-28.807088064117966
1701,5.152864539936127,18.609675805934568
1702,-51.81110942665468,8.475745496264741
1703,-22.34047604197017,-18.883785564060204
1704,-8.059356247172891,-28.505216368021735
1705,4.801345301499959,18.78086715422979
1706,50.13781992912792,-16.67269541887529
1707,49.91622334044926,-18.00739468298247
1708,-20.999975882414855,-17.37092268796906
1709,48.38855500581969,-23.97049045924949
1710,-8.989758120185675,-27.40901965785744
1711,-21.056672544263023,-17.62584930865946
1712,50.254634909226475,-18.855404407809512
1713,14.83528398652196,-67.3347907615647
1714,47.86941420395928,-26.283557264300367
1715,50.959126122204154,-18.189838388708864
1716,50.16205563055733,-18.955488699314284
1717,47.75330880188126,-28.450775142286
1718,-8.022100057455514,-9.804678482870221
1719,7.9284500500084585,-70.74745308968119
1720,1.8682981088556871,18.551214867040322
1721,-15.549078777613984,42.80505630814602
1722,49.51046001411057,-20.136399358140856
1723,-51.740592954549825,8.312032577470537
1724,-21.791755887150916,-18.57572634664574
1725,-8.62048270784605,-28.376934839663694
1726,-21.05403239507652,-17.575966754777998
1727,51.62665022320085,-17.591311980315734
1728,3.3648907850752803,17.930242010515485
1729,-10.40645986800377,-27.223271999614738
1730,-50.777970109060114,-22.18626240152224
1731,-75.8733187777077,0.8788572201108709
1732,-40.300897558577375,-0.7760742038524439
1733,-51.78557656496441,-21.052175882095085
1734,-23.699226698258137,-11.677983924862714
1735,-11.640405106178667,-36.86323579517913
1736,23.99257157673157,14.0395401161404
1737,5.635558269232898,23.98296157314882
1738,-49.644742259999525,11.903502450386837
1739,-70.09933902797931,-3.308781512541985
1740,-10.48240686854594,-37.41003126189189
1741,37.12925192120274,-18.32511781340412
1742,-10.275782311330516,45.84765896736814
1743,62.1006118970506,-2.1478410108047603
1744,-68.80770604514231,-4.5625742128836855
1745,24.643936215237087,-6.2472336483888995
1746,31.602066900915823,-8.677028256253596
1747,24.901501016633038,0.3568665893731907
1748,37.69035081211812,-4.348906278213549
1749,-4.529936791171427,-36.02193020496441
1750,-4.529945055485438,-36.02194027121185
1751,40.16059545655121,-16.567186735901664
1752,25.90559041110862,13.03912992815901
1753,61.163197638493195,-2.5043097836626593
1754,40.58507664000077,-16.74769249425217
1755,24.173726912686096,2.605445278125579
1756,-4.239561376809663,-36.247897299387596
1757,59.96062532831065,-2.9011801413438105
1758,24.133263682718383,2.6548189490803633
1759,-7.951321915783285,43.64700047423422
1760,-25.209225894234123,-14.439625714027954
1761,40.77282618478643,-16.74420245901235
1762,43.27572230520858,7.814548797991238
1763,32.82855529760377,-0.10340544835032611
1764,42.84939013390193,-19.10111318743078
1765,-25.38882382656281,-15.32886667248365
1766,41.86840369041759,24.692057497301985
1767,42.92821549437575,-19.111295130079704
1768,-5.985228862737975,-9.042728126225244
1769,-1.8645395249649748,-37.78740829650537
1770,59.57063424901034,-4.332314601692986
1771,46.90060346748671,-8.844835628317469
1772,40.32885621962868,-17.28821699034968
1773,40.328855381977434,-17.288216995863284
1774,42.38034298442458,23.960307155206145
1775,24.16112174992534,2.642645977917969
1776,-4.015510531764431,-36.75776032721572
1777,-5.07857085554066,15.23122471210693
1778,59.931555251519036,-3.400757863427064
1779,3.906099166797172,22.646373196852057
1780,-25.097741123049904,-14.290330095749729
1781,60.02714732376143,-2.996943243976411
1782,-19.505338171941872,58.8675497073424
1783,-25.82767247197307,24.079764983897938
1784,-25.913797209789337,-12.154672679551858
1785,38.42195794495256,-15.673378993370552
1786,38.42238373709923,-15.670794410450918
1787,60.34384025239672,-1.7879002105764785
1788,-13.928513421996765,-36.17155983549224
1789,8.51734224557387,24.77657747558082
1790,25.205808240534264,-5.843632513059301
1791,41.15108962975217,23.532636202035363
1792,-14.316097686538592,-36.05145152616629
1793,-26.318312020093117,-12.187259744779077
1794,31.791864470907868,-9.06911627274487
1795,26.165307677084993,12.523828823937512
1796,59.709601195964375,-2.030351902997809
1797,31.382068255597904,-8.058317234422853
1798,31.382068262161624,-8.05831723407211
1799,32.62699587469349,-2.2124094104112144
1800,37.426137196885925,-4.374539051183031
1801,31.400678759448503,-8.204411673069005
1802,24.35523488501752,-6.432572802568683
1803,24.35523488435494,-6.43257280333436
1804,28.06442006030668,8.237639936213927
1805,25.04330807627223,-0.023834785528769976
1806,24.35213089199252,-6.42475042366935
1807,-15.053042937949488,-35.59715459458382
1808,37.459524994287634,-4.3620392339808065
1809,41.04052094393202,27.79678584612103
1810,-18.592017087154776,-45.34699818616928
1811,44.34771257098914,-25.239743675779497
1812,-19.19830807425837,-13.54174517641147
1813,23.807140189428168,16.621285451684034
1814,67.80042486460543,2.07230843139744
1815,9.821885810357303,-60.39337583211197
1816,15.950531932494703,-60.1635055611506
1817,3.9898297372134506,22.72020410781877
1818,-9.501864628787201,44.76460222814225
1819,40.30716151323615,-17.100537705787783
1820,60.29031132369245,-2.962409293134151
1821,-10.190989860461462,45.80794918859823
1822,-24.78158327118508,16.889644444681117
1823,-51.10593205388905,-14.480779255655634
1824,37.21494827598329,-17.565465789722285
1825,-24.866627833696565,-12.608730426838314
1826,-24.872525419230982,-12.608666892398507
1827,25.273400392647734,13.163140809631678
1828,-42.28942163188055,32.89285108037955
1829,-50.038196789625275,-17.325946849620937
1830,-37.00695438307669,-0.21250471826806988
1831,-19.02982654656812,54.794677136733576
1832,-19.030289551165538,54.791845446828034
1833,15.980547611401107,-60.29243358023716
1834,-50.85261176280025,-23.502875343179237
1835,-41.017498792821804,-0.9184088341928889
1836,-39.47486981370099,35.007634270568516
1837,-4.259929915067178,-36.32007287482594
1838,-4.259057409942179,-36.32030069380011
1839,-5.141303764224213,15.203060541996225
1840,42.19798046660691,23.947030810162396
1841,3.524543118529084,-65.15130738381016
1842,-10.146155018663269,-37.629510212903575
1843,-7.019661385598198,-36.832027852399406
1844,-7.019275703468257,-36.83200516728855
1845,-7.019213330767787,-36.83195684785911
1846,-9.910277073799161,45.2683211035902
1847,-9.910447899544746,45.26829205083162
1848,61.58315280988422,-3.225254752480302
1849,37.94820410659147,-15.09387841313203
1850,46.80178174072376,-9.550768836951184
1851,31.647949916058668,-8.793344281181941
1852,9.211921762464453,24.90359871349827
1853,28.05056176910023,8.300843864051059
1854,14.022897341024773,-60.610252978959814
1855,-27.754770462311722,23.788338127222637
1856,-14.960734090369451,51.373011269945486
1857,11.96800887845625,-60.763677924587626
1858,-27.18022651536197,21.100891563006545
1859,-6.65008215163108,44.15385147062899
1860,-26.798085180724446,21.533973934669483
1861,-10.243520006739399,-37.66680206616687
1862,37.106003147790815,-18.499171318084603
1863,40.36078281043371,-16.468402887995577
1864,39.64463246421532,-15.38812286537454
1865,8.468540390583788,24.84457839841801
1866,24.55645445828274,-6.296605506050662
1867,39.829891950459206,-14.855413170284034
1868,32.992250444148944,-1.309396325734784
1869,-20.39172033689722,-47.31432226903518
1870,-27.635592466179805,-56.47854953242352
1871,-19.59911585397077,-46.46516439940136
1872,-26.428146392174042,21.690307193989575
1873,-7.641497654675698,44.00173063913788
1874,0.9635434368631135,-67.86705155644343
1875,41.31450969401555,-19.308659300826093
1876,36.950966622014676,-17.385572806568316
1877,-12.921871286626006,-37.811069068690976
1878,-27.657466733611084,23.201095532667203
1879,13.994942959286293,-60.64010584168417
1880,2.1049992290823125,-65.68393149934477
1881,40.06690416128191,-20.387316019529784
1882,31.52511392674085,-9.102341624079765
1883,-19.29843061736457,55.75812326506662
1884,-28.01236447045954,26.587500836741874
1885,-19.430599485185287,55.88019819314792
1886,43.121664031661695,-31.380834298912436
1887,-1.8224446902876557,27.15931684551012
1888,-11.995898135993487,24.08577078000201
1889,43.443971572886326,30.135382088068734
1890,-22.777508785089573,-54.863107445741434
1891,-77.19658301399036,-1.7812472341594234
1892,23.423606577262575,-48.42019730798481
1893,-41.457522727213586,-3.4766488221832983
1894,-12.970540172873195,56.03528090489117
1895,47.589814762831935,7.309296259098312
1896,-14.873964952905935,-49.979893319452785
1897,67.34570010597463,-0.6383370287553045
1898,-22.69465246531168,63.42862598336907
1899,47.48358838794694,7.273599241367767
1900,-24.74646925508049,-59.23653603925866
1901,-18.691906690208544,-51.56232778764139
1902,-67.36656230905152,15.562285830311339
1903,40.890323484452495,-32.1538439095951
1904,-51.92885649099515,-23.09524065398742
1905,69.12389493028397,3.110192510489489
1906,-23.19341574027872,-55.41868591967927
1907,-48.78496383517723,-27.046907971312123
1908,-0.19599706793266097,31.0992577321245
1909,48.6936984098118,7.844796730066232
1910,22.877941933068016,14.478615480686436
1911,40.58981140434349,33.15307513171668
1912,-77.15089748674642,-1.7692195905149837
1913,-10.437978872568957,-46.962844663681224
1914,41.137784038555765,32.56952179363256
1915,-13.844333486639819,-12.604403472150068
1916,-45.212955633680856,-4.0350015190629245
1917,-8.836061204969228,51.545826255148235
1918,-48.46323313988896,-25.71430280685105
1919,-36.81744964911026,37.315924382927065
1920,23.399329845996352,-48.41170885177765
1921,48.87348457093932,7.855406688346665
1922,23.940758091993857,-48.00350176976537
1923,42.45402711440671,31.154224085903465
1924,-67.33962560229999,15.564110979326161
1925,-36.25182362644362,38.056926575789475
1926,-67.28640142468709,15.639064579607272
1927,-48.811235603762,-27.016191752262905
1928,39.78693352604763,34.36473107019817
1929,-61.80251334190372,16.574866704225833
1930,-44.90620063116752,-4.123756371178295
1931,23.5680199452638,-48.31404053846978
1932,-9.180746901038173,26.4144696548055
1933,-67.4540021256076,15.50759398191982
1934,-22.8088216298331,63.47623020889649
1935,-45.49497081608084,-3.8157694930740793
1936,43.844138751621514,-38.67008595041292
1937,-22.494178338290368,-54.7287107359818
1938,50.57054873745836,8.869442297106534
1939,43.85227833094434,-38.58908799108624
1940,-12.427616260100127,23.882070840258432
1941,-21.90534616703944,63.0666858697354
1942,-58.82120366490465,15.135911556113657
1943,-66.19498057848378,16.407284810974406
1944,43.86514728831217,-38.59146881248745
1945,24.289463126190387,-47.77838425745338
1946,-58.7594600343776,17.53682885007921
1947,43.887775067783956,-38.45528091109122
1948,-24.79454002787992,-59.34439902695248
1949,-5.2023197827895675,29.052169606584986
1950,-12.962876019602705,-48.75433170677166
1951,-22.443235064825743,-54.6435105344734
1952,-66.56738377349747,16.098911002553507
1953,-23.243125786099103,-58.865761073175236
1954,-27.470108399485,30.089065780308392
1955,43.89463555520297,-38.513042175489254
1956,24.70807685218974,-47.35182418567254
1957,-24.780862832894215,24.237559931565084
1958,24.594059624096587,-47.49940033237401
1959,-13.491094753810245,-48.97870518212417
1960,-12.9405767030121,-48.706515340348446
1961,-65.38122594546995,16.360950807977837
1962,36.64216121244687,-27.928925582680804
1963,-54.808401545885644,17.818321674728004
1964,44.004319821392386,-38.36241860794417
1965,3.836598537597161,32.26671892828642
1966,-14.310042892026319,-48.6398947488087
1967,-13.69592608755163,-12.563162431018
1968,-18.572825532441616,-51.017863598104555
1969,-21.02918659758417,-9.306280088635592
1970,-26.102792410941703,-59.10339714686147
1971,-53.871284822261934,17.916647865759206
1972,4.998133510075835,32.90761864807797
1973,11.607374669319176,-56.384381244644246
1974,-12.760655262681137,-48.79178876926591
1975,33.11612474220155,-26.251973710516214
1976,-10.38315683284573,-46.66575971100964
1977,-13.99493497691291,-48.86101037510389
1978,-10.476933777217035,26.939377183597223
1979,-0.13335648045701506,31.131311280763946
1980,-12.455459836871013,-48.37453858472983
1981,-26.892202400850802,27.81651267818225
1982,-18.710074314600906,-51.20150187360187
1983,-12.668794334229753,23.807612182076653
1984,-63.29770834775835,16.60658818251343
1985,24.897779581919238,-47.08026371813234
1986,-26.250989316649758,-59.1332238389791
1987,-9.101271901743779,26.73049962589458
1988,40.459337190463565,-31.74906550163279
1989,-63.03298694165504,16.580314003613378
1990,-14.269413097122557,-12.713393635626707
1991,-15.751301805890341,58.30587256522875
1992,-22.405664548402427,63.281890037856556
1993,-27.783668732269323,30.053032243383026
1994,-15.20777949282917,-12.430073237808651
1995,-22.179830169497777,-56.86428449082757
1996,-10.296042227914961,25.883330629886366
1997,20.61904973795381,-51.9816617389374
1998,45.076822596798564,-38.67587351230743
1999,24.358286435285596,-47.650115100043024
2000,24.483959420923263,-47.77557383958416
2001,-21.718615958424447,62.99707835400432
2002,-26.835474978199915,29.856272426346507
2003,-52.49858512642571,17.744979466314685
2004,-27.00673393129738,-58.988263231442595
2005,-15.400564341084028,-12.140308323261722
2006,-20.54200916020927,-10.359427344846928
2007,-19.522122912228774,-51.877346658674384
2008,34.104221658282086,-29.14042728820871
2009,-3.7015344219345563,-42.87606134081772
2010,-8.493593247400037,-44.402359089170545
2011,36.88818373779837,-28.348921845433487
2012,3.904796356491006,32.348174373379415
2013,-4.235110630230501,29.55553245007097
2014,13.851930200546192,-53.667021528678895
2015,-13.060539609491617,23.81253736381617
2016,33.95376095029788,-26.296910020172763
2017,-4.839071338864829,29.064349687284103
2018,4.8956133814070295,32.88228742348055
2019,40.82738927511786,-34.17934235307537
2020,-66.10721740780147,16.399293253490814
2021,-26.214803828790696,-59.13928486864649
2022,43.63125493082131,-37.5593226129255
2023,37.85440885262635,-28.90292680158552
2024,-10.234839270545866,-46.87263660036029
2025,20.550515544516568,-51.362523061785275
2026,-22.40141243986382,-54.60695775008099
2027,-21.67101853630652,-53.86195278985529
2028,-66.2062526788733,16.85496231055549
2029,12.601135861368167,-56.525220346589286
2030,43.434250362798785,-37.39621793195138
2031,-49.74410080542862,16.08275395148102
2032,47.21133176969287,-18.711723497673937
2033,37.15451270121822,0.07021325455387763
2034,30.50307526241826,5.67889421334408
2035,32.155134795925115,-1.9980071395930445
2036,38.08637942153881,-4.505553575564784
2037,42.21884311542834,20.48968567792795
2038,-54.207999942480846,-15.325445647098459
2039,42.085747612004475,20.60340695900307
2040,32.043694422109624,-7.957107577679838
2041,40.77114598936111,6.558246588067487
2042,-15.170843553974851,-35.20041708818004
2043,27.09030010148778,15.198269659814857
2044,24.753194563036992,-6.627475625954987
2045,-70.80897367982035,-6.1211486829200235
2046,-70.75221838784074,-6.175090189258236
2047,-21.781690495450643,-17.242954403126376
2048,-70.46719898627623,-6.089517929052652
2049,49.45126072204063,-17.15198953052136
2050,41.116503908076304,5.991834771007917
2051,3.696022472077585,18.621360761701062
2052,-54.095943353907494,-15.249063111521735
2053,49.60942360138046,-16.293444250167482
2054,-55.00220304546676,-19.592072977588746
2055,-9.0571224316065,-30.695200344231573
2056,-72.79765912248435,-5.775910073980789
2057,49.191257929316905,-17.84436615601641
2058,41.59868612244187,20.706396817906583
2059,-13.38323476463393,41.91136903031229
2060,-7.269824086942485,-29.62529683635598
2061,-54.54358481324841,-16.2946063085954
2062,-7.1044780488551655,-29.544532700206663
2063,-54.80093979256064,-19.354131602623994
2064,49.5255624728707,-16.9033615978294
2065,48.62598603991378,-21.337527072021192
2066,61.65084175809608,1.406986658286787
2067,48.84991560557881,-18.645480608462247
2068,-21.903137448394475,-17.369826120363264
2069,-54.81969124337705,-19.226772192158077
2070,-21.910265841282836,-17.37495593289369
2071,41.51008373464505,20.74289788636457
2072,3.8652190533074773,18.95363738941593
2073,40.960856432148105,5.429011124074233
2074,49.362725829667475,-17.69869305336406
2075,-36.71627242753383,3.3308702070176084
2076,49.214411945228775,-15.121663762385602
2077,-13.453574560808438,42.002392522032395
2078,-42.55731760280721,36.037143609226234
2079,-21.744933053528822,-17.01001928954685
2080,49.04805249087852,9.806419721930922
2081,-19.289074618933764,-15.530196046037448
2082,-42.10489076522048,36.73270323848712
2083,6.617446311311663,-70.90381177222847
2084,-74.5849875855906,-5.39306770111593
2085,32.24636808156466,-8.377935988901239
2086,-74.03552878728908,-5.519451398470442
2087,25.100144566362598,-6.307953566916151
2088,-55.16164276740107,-19.935029234136547
2089,-28.104265991206713,16.078696632614907
2090,-22.70817734226476,-18.88945413976934
2091,-74.72254672089808,-5.349875437805283
2092,-51.57625983121348,8.660596072664733
2093,65.11665866200784,3.2429127648748968
2094,-5.527443113954388,-29.13561761277862
2095,-9.65880796108095,41.91079152397942
2096,6.077975387923942,-71.58842500191052
2097,-21.61885587686739,-17.07039829529115
2098,-27.561162652881702,15.775500018465543
2099,-51.860324160260106,8.900027187220626
2100,5.951428538591247,-71.68744817641075
2101,-53.15162962715048,9.94717802325267
2102,14.413515602759183,-67.07444311847864
2103,-13.395809623515825,-29.866299343156964
2104,-7.720901092623366,-9.683156980633097
2105,48.877871693721005,-18.192657278640798
2106,-24.308249576481956,14.009068656476266
2107,47.91140984619102,-24.62199798652454
2108,-21.769811465235794,-16.9563527347412
2109,25.224946334056433,2.1064443298187054
2110,47.86414005038237,-24.418295992316104
2111,47.14654730845823,-25.918811403144783
2112,47.01160212949228,-28.15194399151423
2113,-23.38387380249383,49.61140066745294
2114,-23.09998142429021,49.506053655927836
2115,31.786715962554513,-0.8493615651907751
2116,-15.509525399315804,44.283234011597834
2117,-19.337044421880584,-15.662457933125484
2118,-30.964919002632513,21.664086436780078
2119,46.61649334702203,-25.80462937143881
2120,-53.10254952691313,9.885102852337
2121,-19.178614338961438,-15.503670923403263
2122,49.60494081529283,-16.378667209228347
2123,-9.245789616106935,-30.61989484196629
2124,-15.899699652913435,-14.845731468550131
2125,-18.791186358454265,47.083420536460615
2126,-27.98346055902802,15.065433011667038
2127,-19.999109203079286,48.17162851849832
2128,-15.982087923558222,43.94546086614723
2129,25.66490173166133,-6.057841238043456
2130,-27.572918201932847,14.800670994725616
2131,-20.261814869460704,47.52944285846864
2132,10.930376535624127,-67.81849275595074
2133,-23.041233452048527,49.48068639126848
2134,-19.691574748379537,47.87410423878709
2135,17.93188823454593,-65.8724336329285
2136,25.308195883143732,2.688059879683244
2137,-15.747905615503752,-14.79180976154925
2138,-21.200405435901388,48.5890815537721
2139,-15.743545674004066,43.69760238472857
2140,-23.697679075491674,49.64307672757632
2141,-32.213001986715284,24.320299286141367
2142,-52.56753679989483,10.111229406791368
2143,-28.06272547344741,14.72469929997548
2144,-13.440192531955624,-29.8472110306949
2145,-20.55054271405959,-16.269872927532415
2146,16.11330088629491,-65.78013624334652
2147,-30.891681423301822,21.383806262696574
2148,46.51206503167636,-24.1115915320075
2149,-58.42818959316173,11.023189114368451
2150,-30.874800481115166,21.267723158885392
2151,-22.71591372288522,49.34927253866576
2152,-32.23825098489031,25.34497434896459
2153,48.01648428362615,-30.062123487667662
2154,18.272607827773413,-66.07185010633485
2155,-15.886289258308462,-14.835913507234139
2156,16.37643794262748,-65.73306648839436
2157,18.355836349283713,-66.09747856210011
2158,48.0179064650653,-30.128491288140783
2159,47.968905996950774,-29.914424748141432
2160,46.79228812361049,-28.064652274416225
2161,-24.11933964826434,-47.726708396694534
2162,-24.435224292319653,-47.7358459452752
2163,39.54783200076095,34.117901352809675
2164,39.69637559088703,33.50824970163302
2165,22.66934248306588,19.46547000227986
2166,68.82036790088901,1.9321350050220805
2167,69.45825728806358,3.3237038103007595
2168,22.7923513132458,19.232143771515414
2169,-49.793929141119975,-25.27520810452433
2170,-75.58140702283337,-2.210948606393341
2171,-37.46886419970829,37.45791394538478
2172,-41.70037469536634,-1.9992861623815714
2173,39.69401477067353,33.414230489404694
2174,68.45926795116225,2.5244487822628576
2175,-75.53594933733827,-2.2894165099074044
2176,-51.275475249503565,-21.03815029562301
2177,-7.7298015135022204,25.90626995079221
2178,-7.086713613980574,26.504008926043372
2179,22.793525374782032,19.222898028937937
2180,-50.042569177165745,-22.720950632399887
2181,49.40987282726476,8.621887899606666
2182,67.03165225219672,-0.32031976862870654
2183,-49.81417810118627,-25.44055373932226
2184,40.51979426744913,31.697327923208082
2185,-72.19371543046186,-2.2347308554564904
2186,41.413158515201935,30.221562166246994
2187,-40.05212864343881,34.49080672093674
2188,-25.56984422765309,-57.77202202744311
2189,-10.546656026943584,23.664663955801487
2190,42.906003381205124,27.276746192285408
2191,68.74793109645212,1.779144662120807
2192,-51.40374067237852,-16.732764190999866
2193,-33.40474152346465,0.5258890343538938
2194,-51.19424838759566,-16.79048050020464
2195,-35.445021203258946,-0.08586483791022671
2196,-51.24893282591303,-16.85646506969058
2197,-33.65667747955099,-0.36942009869043657
2198,61.18150847429506,-4.274711676894829
2199,43.46486461127272,24.596475743530785
2200,-24.614121286937575,-54.506878733150565
2201,44.33991563467197,-35.4160231151808
2202,43.54410018214909,24.514437124907552
2203,-50.764533300906564,-14.0288284857831
2204,60.417236725285214,-4.2866239716396395
2205,43.89827193989412,6.607901477836231
2206,43.9238032946041,7.191641588442019
2207,-72.64992223329754,-2.2860470428487
2208,-33.878496406252005,-0.4828551951373467
2209,-24.145922660000334,-53.73494265292022
2210,-22.426568245780064,61.36653057678477
2211,53.554148245935274,-2.8338371789125065
2212,62.53312032718767,-3.8768084108210403
2213,-37.08836418640483,-0.3066191171174643
2214,62.63334647975265,-3.8296208085816033
2215,42.42526335531647,24.683354000393827
2216,24.45924302613178,14.671530470708419
2217,-22.09305156288759,-51.13830526943066
2218,-21.300998105119,-50.32866809421057
2219,24.938177653037197,13.292411338179257
2220,24.518444691560752,13.663722434229328
2221,34.896670759524184,22.113763572068837
2222,44.42985148108293,-35.67744558584319
2223,-19.20916405692914,-48.88751638581077
2224,44.080041332120004,-34.83701658226579
2225,-9.588130042046773,24.139367307576823
2226,4.218143140524151,-61.00122122282596
2227,43.160977280853515,-33.34066518614732
2228,19.98204417576606,-55.205504231813315
2229,-21.461224066682835,60.724023749821434
2230,16.97345656871473,-56.21295148391875
2231,-8.51060413466889,25.082183709948772
2232,-21.076879756605248,-50.09070316578634
2233,44.018996979246886,-34.72587685566013
2234,20.85530585087879,-54.64359491085544
2235,-18.493736867170483,-49.0423945922168
2236,-54.12581787434362,16.074371538091377
2237,-9.249753101955966,24.264672937711094
2238,-49.30415908410881,15.207672662912675
2239,34.67104015769534,-23.228175303662862
2240,-10.300255541209928,23.655581408692385
2241,18.633649168380487,-58.03759923284504
2242,18.651816961671564,-57.6552068719374
2243,-20.747505575078854,-49.05389930557558
2244,-26.417567147871818,24.01386755035506
2245,-19.787573888155592,58.48714656351834
2246,14.313477930815557,-58.88643504713341
2247,-26.897692167820157,22.692934776711105
2248,-24.729115997699775,-54.6571471090854
2249,-24.061443525047707,-53.65746642534928
2250,15.258950888902651,-57.0836593060978
2251,15.546132661488885,-56.98991683999767
2252,-19.345812261215606,58.59551546736803
2253,-15.356288085544582,55.923591202021015
2254,-4.56436335902838,27.83317353333501
2255,-11.718502582643632,-42.434581649699936
2256,-15.354956347532255,55.92825737541146
2257,-22.08524223128478,61.05110478538117
2258,-60.305982161034215,15.589650380656689
2259,-16.723330161249688,-12.17197849194875
2260,-13.887265615679185,-44.85359526628423
2261,-4.5076084727747,27.865458500204447
2262,-5.081034138852301,27.53507308352576
2263,-18.03639069295358,-48.943875643039824
2264,10.7151391835236,-59.00518195159064
2265,-19.60159845736833,58.1603492809549
2266,15.73700018090454,-59.16702384609102
2267,4.036314018402264,25.72395406793825
2268,-10.250886993014715,-40.69405639829259
2269,-19.948043908165992,-48.3663521924673
2270,-3.19011845094987,27.69132807349042
2271,20.305986278696537,-55.000498421842394
2272,8.189286523528919,-62.80686939674009
2273,-25.367419432291932,18.325640541182132
2274,6.9578878205577155,-63.14540649600704
2275,0.056424997986714576,-67.54519353617111
2276,-17.16649767478623,52.42023207549827
2277,1.145012742438863,-66.2810140584541
2278,-7.485647351749956,45.56043912227666
2279,-15.242947492371709,50.39471331354498
2280,1.0642569281055578,-66.3943120501347
2281,-17.107569630114035,52.34934409736257
2282,-8.303030241179142,45.51610819916507
2283,-4.546363908492697,-39.66191025945071
2284,-6.446033783878512,-39.6792793631333
2285,2.1327896177229055,23.872972447041324
2286,-6.869410032904076,-39.69890535967212
2287,-6.070476469390959,-40.52081226497298
2288,3.9050669975075993,25.37430038993107
2289,38.382934460890596,-20.872787307858573
2290,-47.38665937894646,11.477650201570166
2291,-4.031617729731802,-38.67716322804947
2292,-3.5181677235690203,-39.22997566173813
2293,-8.047365618408776,44.480325897699935
2294,-47.451138775654044,11.36699431516269
2295,-3.6758550276127986,-38.80180426949827
2296,5.347875614240372,26.232748593389637
2297,4.141127703851464,25.247770590594815
2298,4.621549837776889,25.970182225233152
2299,-7.347659978753796,-40.045719383891
2300,7.043027279406689,26.39707017191217
2301,6.514877749293942,26.570193376234336
2302,-5.534164575958143,-39.9799868199495
2303,3.2657619260962467,24.837133996071426
2304,-18.253679410905715,54.72152006583808
2305,-24.430280126733365,18.001035784572096
2306,-50.19356429434579,13.529664832672832
2307,38.7094386968864,-20.79625847701016
2308,-10.412239687705743,-41.01521486123658
2309,-6.639922083827411,-39.74900023360655
2310,-8.41176867671292,46.21881423859116
2311,-7.734997388303409,-40.471911344105166
2312,-55.50845006247867,16.961792381641047
2313,-26.955899207552303,21.46079347595362
2314,-3.7813357935703125,-39.43437657166755
2315,-24.61060203626047,18.063479676725393
2316,4.3946327059871395,25.83540413017777
2317,3.8059325336408207,25.218114056297445
2318,-7.986639145849392,-40.483063565070104
2319,-6.604752811833224,-39.9955816271764
2320,-16.516878165423837,-44.8775443485502
2321,2.16742845497436,23.957731074930024
2322,4.461334827290842,26.35382255636675
2323,-25.650434979231335,19.997013012255074
2324,-4.387327014607474,-38.56243541821602
2325,-6.996021110082459,-39.476871193382394
2326,-9.771745983425026,-40.29932806370923
2327,4.380635185210054,25.37103761849787
2328,-5.855876066403002,14.803852864620891
2329,-5.756618815849889,15.076865665022613
2330,-13.175811939470877,-39.745514288789984
2331,5.854972225457858,26.89316734881156
2332,6.352065566896675,28.42367892991955
2333,6.588184995734972,27.730597013987847
2334,37.21346244350265,59.06596730844509
2335,-1.002096294602668,5.075135516249706
2336,13.439523183613572,72.82245512737458
2337,66.32709517031799,19.356745477144063
2338,13.919184633962221,74.00132270766221
2339,-0.9571752886644658,4.516858420308678
2340,33.96646542731565,57.304497052326816
2341,14.543427262969251,41.902217623506566
2342,-20.01327849900759,3.988092626220412
2343,0.6922813511292141,-9.803423322086088
2344,23.15203777905393,-15.394913419191527
2345,0.8731038199276745,-10.093781545277979
2346,14.420756774298045,-32.46028797763037
2347,-34.82958798691036,-35.08237930045293
2348,62.64632763900205,21.667164768924323
2349,11.009085140441867,7.497926593411804
2350,-34.856788987760055,-35.08591680682494
2351,27.903993115398542,46.73117206051624
2352,27.147804959870744,33.01498590035323
2353,3.034203840775991,60.38886729590556
2354,16.338220607864706,5.56038404198382
2355,1.1619663072773996,-16.738572287570456
2356,27.954616217986544,46.95768484668401
2357,9.514957260146643,9.998496928256655
2358,60.60460613916763,22.636756419024525
2359,11.67812442088883,70.61167967549477
2360,-34.88797949728874,-14.388890220933392
2361,10.075817415085917,69.09935533685686
2362,13.192264412877927,45.741699535367346
2363,12.00536364647471,71.09494300141154
2364,-0.9930579191933243,2.9526570357193687
2365,-35.542097913251354,-12.99259899818969
2366,-14.03219592850393,2.1593687248355846
2367,18.371029875389898,6.115882711609202
2368,1.7123676301838904,-16.27473371938991
2369,26.986184694016465,31.31997756413
2370,-16.454025039191585,2.9793537771441696
2371,63.363435564304716,20.34337660480102
2372,22.203998199555606,-23.437421103063393
2373,-34.8093249062337,-31.96672738824226
2374,1.584532002479809,-16.944046781775867
2375,-8.67029141997132,2.4131017205361425
2376,3.2088285172040014,61.01432329452214
2377,27.983750516187616,46.75613249283686
2378,-35.4460796457001,-13.174943783795435
2379,30.84175309131591,53.76886376212438
2380,64.92276565041503,19.954936904118803
2381,27.90504195007903,46.60462044510807
2382,22.557061988467275,-21.015444010945895
2383,22.451103413178682,-20.76347645194817
2384,2.9301146386523245,-17.22344481419878
2385,-0.9586694041536351,2.9378477487635988
2386,3.3161513955853157,-16.67689605350463
2387,3.2931181193400776,61.10845020001829
2388,60.37213074496912,22.02864613430951
2389,1.545338961932224,-16.94545326828025
2390,7.445129846846803,-28.998452198520003
2391,-9.167666491919643,2.70787590606294
2392,8.528449935457834,-29.097536665371173
2393,3.488576545505033,61.36216619243516
2394,60.670949607099466,21.988370751160886
2395,13.57808050188813,-6.099985061213222
2396,-0.5119830961106497,2.927541813485599
2397,19.52170518192969,-7.573662822849435
2398,19.524312798850683,-7.631847458730298
2399,19.616115432196967,-8.450082957978053
2400,-0.8400393761241572,2.946520347945669
2401,-9.235483925066674,2.8646367388661007
2402,1.5174051393512835,-16.889089764506142
2403,6.931543448831917,-30.064816457014032
2404,-33.32178818966539,-24.322476086382004
2405,4.59471830195704,-15.85319207621702
2406,15.875240492246753,-15.609124309614751
2407,22.39129407269866,-20.59308461967687
2408,15.718152585220167,-15.475251078010425
2409,22.667860522421908,-22.82168181098814
2410,2.2341308688347095,-16.975150170641665
2411,-9.107264594730847,4.244042635171625
2412,-9.3232508788916,4.203581768999658
2413,1.618384708728471,-17.10200940205043
2414,1.4594289943427903,-17.458155879272933
2415,13.886467447029322,-5.928879275694048
2416,19.690442554182287,-8.177810976596469
2417,-7.987065091706124,1.8636848423455077
2418,2.45528454725437,-16.98271776484801
2419,2.2687737843170153,58.57203473992643
2420,1.4469887079964492,-17.10124067782584
2421,2.5635747220086103,58.749393093696405
2422,2.744750702129949,58.37619918511517
2423,-34.842638255518295,-35.12270034676133
2424,28.680770847619748,43.874586284166405
2425,-9.367993997471238,2.679032702123529
2426,1.2330764107875638,-17.7550440113571
2427,27.96831529480537,45.02149810116127
2428,2.9956606639092302,60.26735746871489
2429,3.0488454146173067,59.940174522385114
2430,3.0113750646166686,60.32815011571638
2431,-9.31460222582401,2.835712522483919
2432,-34.55006174021611,-35.096804163141805
2433,10.549638422150293,62.1835869974675
2434,36.707511368757324,58.665048887153525
2435,-8.488507792451456,2.0740451641159097
2436,-9.090127247072,2.5377081831701087
2437,1.107129924624527,-14.872429378452084
2438,1.3314900997065302,-14.113150114397397
2439,0.6661988712581403,-10.215283485456151
2440,-17.06887699796849,2.41368658714833
2441,6.4355762088185084,66.87378169307127
2442,0.9150426407028677,-11.396724749349351
2443,-9.42764248170214,3.925234801849392
2444,31.783616655905703,54.65548918655258
2445,0.6668957649820213,-8.645850013184074
2446,14.030376958342977,73.79851515807911
2447,13.936176269265347,74.10641471853484
2448,-33.196407438399056,-30.99645934494777
2449,4.923466195680446,63.09718486109031
2450,36.576263706374434,58.80969842046976
2451,-32.575099160052595,-22.79062379659105
2452,33.71880155629768,56.023854430122405
2453,63.24365018521191,20.147615363556742
2454,14.176710603471795,74.69685875383358
2455,12.226650388331057,71.3209240175528
2456,6.2626273208251915,66.32879156383682
2457,33.55085629262137,55.793689209548994
2458,60.673975367168765,21.91436010831773
2459,-17.309982052728774,2.397892922191546
2460,33.90912571608251,57.32287607335036
2461,66.78540671320734,19.148052893159274
2462,32.72801981513136,53.43357046241506
2463,28.81479855707984,48.55217850100128
2464,28.740956117673164,48.41329554295782
2465,12.505851610559167,71.62863840859568
2466,66.91065901162919,19.100149671905463
2467,33.715015131918946,57.05489765422464
2468,34.001930423790476,57.538215818546995
2469,6.039070513532869,66.59349095262198
2470,-33.562705367586055,-35.165752351277135
2471,65.33765166255596,19.79016796445562
2472,11.170235143336864,70.37995235851525
2473,12.269729525383777,71.26845368473236
2474,36.039345007205135,58.65344090684302
2475,13.486870780329365,72.88884752321748
2476,36.08794076869944,58.59833421184641
2477,33.91554030012148,57.34697736554812
2478,-32.66850286888059,-23.02286984920049
2479,11.917893243270184,70.86034122661971
2480,-33.59203387033527,-29.408090833283417
2481,35.68473303791362,58.53921660581375
2482,15.290258289448843,-33.5992183484401
2483,14.226327887197039,74.71796292039124
2484,32.80335672348968,53.432042935483715
2485,37.12999923250197,59.07835490052981
2486,36.61009882999037,58.95595941965032
2487,11.739403089899392,70.72792398345342
2488,28.44741479782369,48.30880044947722
2489,35.22805752535534,58.33638812059071
2490,31.80598673024728,51.95679823479802
2491,-16.342571354708753,4.608015749363869
2492,2.314843618592905,-11.108824251558556
2493,-0.9255718026060663,4.965701544353132
2494,37.39812488135282,58.83878874863614
2495,18.246304808992353,29.352008107613646
2496,11.787068766822896,-31.48861691332693
2497,5.200252532362379,-0.18659602338338546
2498,-20.486945035479916,4.349727794458685
2499,8.769021647914036,9.884311612874708
2500,-20.837391402767235,5.536157604763875
2501,5.644679224470019,0.7566269076588102
2502,10.98921402123161,-34.79176836667625
2503,8.737658432579948,10.125336037877855
2504,7.880113494822119,71.23407446471141
2505,18.361493781446775,28.91557792564523
2506,5.328606819014646,60.96136200360052
2507,16.530635499301678,5.91440147845371
2508,-31.247485237613873,-24.83896309545645
2509,5.772629546513404,-0.297800885285082
2510,10.862656187170481,-34.78065903636692
2511,9.148275103022701,8.899569124785598
2512,-19.049776681632007,7.579416448005395
2513,-33.872687732522905,-14.11228852321235
2514,19.555625639227724,-22.60699703293511
2515,22.7349710850717,-15.90724196482356
2516,7.792327913470528,64.65513369447689
2517,16.066267901410804,-1.433814671010451
2518,-20.059442424606097,8.29499530019151
2519,22.785196583415956,-15.844702605985377
2520,13.50154660222458,-33.281900596923954
2521,-33.99049936224989,-13.768794199368601
2522,-31.44628326907774,-24.310826508250255
2523,18.651323857419797,27.38206958890635
2524,9.401888586902526,-32.28451514934638
2525,15.450215148807171,-0.9038195677622177
2526,29.663929911354348,51.59206583436229
2527,12.312875542015057,44.30560891546505
2528,36.08649462914017,54.94443273700852
2529,18.744791972547805,27.08156877034378
2530,0.8645172802652827,-8.121951965229849
2531,18.04912399993167,30.57723687136353
2532,-0.6512727194782583,5.055805144523792
2533,13.109330068892005,43.600181778739454
2534,13.797072494511145,-33.72731525528877
2535,8.723411224227437,8.108856209318317
2536,-19.02830801953781,8.574655671919883
2537,-33.99065971584164,-13.668452964789347
2538,65.60593838077116,18.315167801056567
2539,27.476844743164353,31.54124046274798
2540,-30.50792991702884,-28.69485436356547
2541,15.468217787477592,-0.9875220907438078
2542,-0.3536503316062801,5.145438463295924
2543,27.35352014536574,32.749950962671825
2544,12.325252260722179,-6.531165579645525
2545,22.841886777655674,-15.775435749253786
2546,10.86511002791068,-8.622972845816074
2547,16.478360446206704,-1.6921994079955427
2548,9.301262857221328,-32.38376797036774
2549,20.029832389276248,-21.94894815968601
2550,10.475211499164761,7.92598203523782
2551,10.74720158499008,-8.649702900723202
2552,12.887122814331182,43.42283842057131
2553,20.575809166106463,-21.52374424909303
2554,12.030037394888216,46.32671697901532
2555,21.501313219306603,-20.665368338600523
2556,22.735208312833837,-15.906314115556802
2557,11.644275300806779,-34.504733077680754
2558,12.08084321764231,46.18688703375294
2559,10.826291609892465,-34.53440884843928
2560,8.481422074937448,8.911817120896949
2561,11.559171695970132,75.37917740849646
2562,27.31427797328939,30.84640594090942
2563,11.302405996174457,-8.243790018044423
2564,7.856415079799654,66.26388566876166
2565,14.769632069853854,14.46973688515385
2566,19.778198623677515,-22.421805919390778
2567,15.303980025907004,-0.7841368010664805
2568,2.6327224398518854,-11.498496740794671
2569,8.759274080565355,9.154104318741679
2570,-32.88650221178765,-33.110138199984064
2571,18.657700982124023,27.429512640857784
2572,12.851103923259846,-6.114632042919314
2573,27.34050296447302,30.81519107898614
2574,19.19257418757234,-22.943659416651006
2575,18.621390148036834,27.644229847967072
2576,11.784166152136121,-34.514057614876855
2577,16.01977868856371,5.638968944111017
2578,-17.47474353017941,7.191948194011925
2579,12.611588612184661,45.23748496852427
2580,-19.45772699466179,8.383419497015394
2581,18.331760692137514,28.30463303741651
2582,9.287437701758297,73.3611890431075
2583,17.0364464965148,5.7008331336920435
2584,10.646829388193867,-34.677597339695936
2585,17.204239077591524,5.983237772514031
2586,3.101064358564038,-8.939963168786957
2587,18.01575674128654,5.9203284288492295
2588,21.719201395280376,-20.68637187710237
2589,13.187212734514034,42.52475440170646
2590,21.467279244272547,-20.884730571978498
2591,11.298089024965675,-7.933060528854805
2592,18.5325418815077,28.580882098039318
2593,7.336195524779916,68.43579841237081
2594,13.110709772727668,42.821774033744745
2595,-0.10102653889042229,5.651392215361797
2596,8.753567580460214,72.58582862652065
2597,12.89605334642352,-6.1782711779762005
2598,7.851094680096228,72.00596123918136
2599,11.720610905513444,-7.270475529196291
2600,27.226851190731733,46.1687388692527
2601,9.055721294213823,72.92610288926265
2602,6.455733126673738,61.675546574798666
2603,9.584400435310625,72.52128457039119
2604,19.3781875237232,-22.745428802572366
2605,19.558397124363058,-8.007350864772942
2606,-10.736953741128946,7.052178776281084
2607,12.852173213473774,-5.627324231672984
2608,-10.742827956337285,7.05240701767304
2609,8.171375450224039,72.07554575283615
2610,7.6352077127025355,71.90339716574333
2611,-17.34758198157104,8.259552989554201
2612,19.82460911068566,-22.31276867935665
2613,37.59148717660553,56.53225625012148
2614,14.00977020170159,-34.733872388566446
2615,13.63002107197914,-34.99339981689576
2616,20.014626552245826,-22.06270784042962
2617,-31.506400627677642,-23.18153951098806
2618,22.091638215224133,-20.674221290464374
2619,-30.39176000913602,-29.382895269496537
2620,-31.696143909758383,-23.77921591856075
2621,11.047797086330098,-8.438131269509801
2622,-18.651962598577946,8.177259423964182
2623,-18.778669520999266,8.719694432667701
2624,13.251114502358737,75.34579621781606
2625,-14.472325002663132,4.705796109866938
2626,13.676774459648009,-34.977407715047775
2627,0.05877094280492543,5.935597962853564
2628,9.826602076003043,73.74972645461384
2629,1.2968103741401869,-8.14148716997718
2630,12.362306079549784,-6.764996521673849
2631,-32.37167863875386,-29.230339694480442
2632,14.3156888755382,-17.996124506774887
2633,9.397739036647142,73.32627111780005
2634,11.714819375362879,-7.7271698473803
2635,10.996576690352912,75.66736206715177
2636,-30.7849132954981,-27.294656641027206
2637,8.456047211750349,70.55741390099276
2638,-32.10650264823002,-33.974813060253865
2639,21.293545888006825,-21.144060601563524
2640,65.76096060058227,19.47036712347966
2641,-19.988448976819434,8.34532309041546
2642,-31.210319966277527,-24.367900871705505
2643,1.2069002123377333,-8.307430241353282
2644,-32.654505514243006,-27.50131172930249
2645,-32.00332266722035,-24.114295305525292
2646,22.094415445136665,-20.706210850425734
2647,8.116263782756693,-29.92135353703683
2648,8.956815759027958,72.46087548512655
2649,27.29269141854424,47.4540467271645
2650,33.45262054548734,54.30810319993692
2651,30.905639865226725,51.73141919351462
2652,-32.85689463185777,-33.492277846015426
2653,13.165595251244678,-5.936259220895053
2654,27.31894001761382,47.63621820156922
2655,-16.659592758302228,6.569412388894959
2656,7.652129395312362,-29.558120968533075
2657,15.280146907734782,-54.297099098881716
2658,-36.083776449909834,38.09851666100115
2659,23.245597282475018,-48.22722381088912
2660,-15.974001422801827,58.55056790664001
2661,-43.94783697568145,-4.164809333349459
2662,-5.120729217033255,29.409126470572318
2663,-48.12648501151183,-14.086951941637933
2664,-27.135313554003783,29.23062956191669
2665,-76.85328829419224,-1.7435348323988467
2666,-62.440930804534815,17.38762014674509
2667,-44.15478235066793,-3.9324158323256544
2668,3.7689142002463005,-59.04724841739476
2669,33.35757590590062,-26.497052632691908
2670,52.215621646257674,-1.8975135421156324
2671,-21.812735936359932,63.26140887835451
2672,16.110322480760114,-53.863728787263874
2673,48.43120802912607,7.528464917316829
2674,-16.284265428440392,58.93289574990134
2675,-24.639175979817278,-59.499145936019254
2676,45.608969291592416,5.931704305587442
2677,-22.62585050569035,63.52563288352048
2678,66.99393889843684,-2.0782962143331822
2679,24.151186636383972,-47.501861028433
2680,-40.70253119676661,-3.6278167302831346
2681,-7.7779298795585845,16.902158709110058
2682,-75.97886403395727,-1.5796603300037282
2683,-9.518602316967149,-7.460022042685904
2684,34.37910481875074,23.542134431967586
2685,-22.56084204468192,63.51083488761459
2686,48.355497107353635,7.474559668870977
2687,-24.990526214227096,24.86597918618581
2688,-63.501724886182316,16.74377955830201
2689,-47.99015329524143,-20.97855847402206
2690,29.086860559847697,20.423691281023906
2691,-36.26056909090548,37.876530324274675
2692,65.71931621794826,-4.248258915620928
2693,-33.65276248205091,-2.820195534009234
2694,39.78595966117674,-31.27563409802722
2695,66.09781691737865,-3.7857186036468446
2696,-11.097326735931906,54.548545574919835
2697,45.635041002331555,5.919941147158617
2698,18.769028056755992,-52.7401133061193
2699,-33.16288539399019,-2.2155009445381593
2700,18.54603795050429,-52.789885662784194
2701,-6.720897513296648,15.902096823232478
2702,-75.48618838086188,-1.498707762997349
2703,-7.803590164875609,16.926895520980324
2704,44.591683077541404,28.558140301535595
2705,-14.85233891214962,-50.09256766252809
2706,46.243479240761644,26.931510685582726
2707,-25.929933834031615,25.74093973027818
2708,-48.261577038403,-25.58690008670324
2709,-16.72476900098916,59.48885525989221
2710,-77.16128774298373,-1.764242632233702
2711,-24.66348308414336,-59.62184317188202
2712,-76.72456588595797,-1.716604333578358
2713,-12.347897208214413,55.68394893080608
2714,66.86303156720204,-2.342633348123877
2715,-15.058305423998041,-50.16784130265732
2716,-36.86434898659541,37.11291736695788
2717,45.76082092489219,27.120627679625755
2718,66.8100858847618,-2.4247006336551484
2719,-35.83081036118184,38.48554116854634
2720,24.50257114686235,-47.187558465019556
2721,42.395438042838535,31.43658526763771
2722,-55.04065327236724,18.020985269191186
2723,-48.32461276198148,-25.277455230386636
2724,23.78266362490978,-47.794936577408215
2725,-25.41854033716293,25.79893327284476
2726,41.893034302269804,32.106010526481676
2727,-47.01414553777076,17.63376058975217
2728,45.77658021905181,27.11897546870964
2729,-9.817097978565112,-47.005730927371985
2730,46.18953867056448,26.939037093125876
2731,4.847330677679271,33.02976979334318
2732,22.82154882726823,14.47749534808464
2733,-46.94590171096121,17.303760084696382
2734,69.23886472545554,1.1247714506437283
2735,-22.304948933144566,-8.265286419934867
2736,-9.967031232284173,-46.99164268960573
2737,3.07245114938029,-59.34538095674982
2738,-10.389246651738292,-47.04797913707025
2739,-46.99579569772824,16.9577603846194
2740,-25.059081425937254,25.950019788109074
2741,4.273067272565663,-58.75534432232168
2742,43.712258338026665,-38.897500599547165
2743,-21.740560658402693,63.27541074016979
2744,34.30761519608849,-26.784826525516905
2745,-16.564828308525698,-11.816228734100571
2746,-9.773639796872802,-47.00908491560112
2747,10.488019845752865,-56.33558091031088
2748,-27.32064286799919,29.44100693145284
2749,-66.13785505526687,16.808996103277536
2750,-57.777707644645325,17.494932131551995
2751,-0.1656928604932437,31.16756720839591
2752,3.931668310394783,32.65459158609638
2753,-10.541294076497719,-47.05999042271294
2754,-27.089837529537487,30.06865657204097
2755,-13.285438134804552,-49.15304484297123
2756,34.15258090845543,-28.480374435215502
2757,34.11241116752959,-26.85041683443823
2758,33.790168829472904,-26.631060234746045
2759,23.782078418598218,-47.78583564614726
2760,-20.375618175888846,62.42726871983662
2761,40.08110201375772,-31.539264892495936
2762,-9.24208547923604,-7.590052792243275
2763,-21.883689326206742,63.205483508704994
2764,-24.297850293512987,23.79656743235986
2765,24.353175267532766,-47.29975492606912
2766,-21.923678227603435,63.35342060544229
2767,-19.162516584671906,-51.834306178598155
2768,-19.31111497055826,-51.840964147830384
2769,34.651687087927705,-27.90821239824917
2770,-9.086755998589036,-47.023135284676364
2771,3.859963214856906,33.093848897418816
2772,3.9740850109578005,33.04595058873988
2773,33.751207257365635,-26.648204148421797
2774,35.11373265929547,-27.002241902009338
2775,35.32173960093878,-27.001568706210914
2776,-66.18508765941965,16.73945798156777
2777,-18.2466618510792,6.7874404775881745
2778,14.667878310889952,14.540436016894686
2779,-16.704251163386616,5.7494317920837945
2780,19.040503264348285,29.72386554711339
2781,-16.362564468645697,5.129448551160851
2782,6.050313940692258,-0.6230386985582115
2783,2.4420887853369044,-8.274805358640656
2784,15.256809295100926,-0.6649669593254008
2785,14.335492704026013,-17.923115612887013
2786,3.1802234594291345,-10.879044260714066
2787,12.862279961912852,44.91045160720556
2788,14.761362313722378,-16.98247700587875
2789,5.469060746117236,-0.2586784732587637
2790,-16.514597310776075,9.165224970907712
2791,14.546237302755705,14.611035314666868
2792,2.932430771374534,-15.045949030213194
2793,11.334418607144071,8.149899677404152
2794,-18.530497249790066,6.788219857292529
2795,5.630544394409049,-0.16175094317149194
2796,32.861342188447814,55.27998196121215
2797,6.529686116413019,-0.3512631070890629
2798,14.953521281425308,-16.11577743964448
2799,63.99485912982072,19.83479776658827
2800,61.81603030109875,20.244997647148743
2801,16.526009171844265,-1.203060362650875
2802,64.4915063174268,19.451210320619335
2803,27.218847682631868,32.96605157764412
2804,5.287016602403719,67.020649651112
2805,33.04446355570813,55.79103287584866
2806,27.163483416603068,32.69937870668145
2807,3.6648434910457826,-13.783610128416226
2808,15.19284009394598,14.29287813221886
2809,58.82707672853982,21.301985198205283
2810,10.19167324996342,8.503348862433143
2811,2.5307250062952127,-8.271015105290493
2812,18.054698508058536,5.940919678791877
2813,11.99137637708774,-8.230949675848839
2814,23.20785461548455,-15.313137211000015
2815,-17.83405128363865,6.617101321044002
2816,12.51275151003378,45.67627454355391
2817,-17.64672994322136,6.988266815842345
2818,6.768067830229208,0.2545594920124273
2819,19.359772559249823,-8.677137296083298
2820,16.209668072299802,-0.7810371203158776
2821,3.3595004111976707,-10.89198049201213
2822,6.033838194903233,-0.07687494632070206
2823,32.965743177555225,55.550597344709665
2824,19.345357093783267,28.446192808262857
2825,-17.89286205573226,9.454811253359361
2826,36.9302545569754,58.350893006106574
2827,23.163688346771725,-15.362700915683034
2828,14.373791622165669,-6.180455088274109
2829,19.46512016575452,28.025297914008
2830,-8.755414870136073,4.316568222220097
2831,19.55623512691326,27.664822554666273
2832,19.55244900726879,-8.867231431413193
2833,-35.457365039834215,-13.11893114076444
2834,3.6293157029404575,-10.302096121153447
2835,7.833188057879067,-0.7289842548782804
2836,-34.98687503659142,-14.100660441845708
2837,12.879453093508154,45.186493807685565
2838,-1.1839046786056693,2.826314087130501
2839,27.017963058183977,31.9125059588923
2840,28.292510477654904,44.8769750746553
2841,18.55341620290701,30.417989969994633
2842,63.25191981119327,21.968667159975094
2843,15.890864620779766,14.01449529620725
2844,-14.844202928313875,5.669582082958064
2845,14.62454109857345,41.867559464638376
2846,28.827851542171835,43.98992247334865
2847,19.51483522797355,-14.193797356309144
2848,26.998070204124254,31.747155646631022
2849,14.20038238708532,-6.474642585975203
2850,19.109284944078997,29.477785446682155
2851,15.134542517022435,-15.423826896526108
2852,17.832642161007982,5.940860333441943
2853,3.273436543924042,-16.855674610000445
2854,-35.11009260356647,-13.971659847556449
2855,9.488597091135306,-31.083943392442837
2856,5.446479279763539,0.9153247987143069
2857,12.109946073379575,-33.04450922810186
2858,12.663391402038163,45.67631219682463
2859,-6.549617104912454,-2.3437544194295703
2860,14.4238609255284,14.69936445897711
2861,14.57692087505095,-17.367848063954046
2862,10.22250033599216,43.79704034277304
2863,12.631857276551543,-33.92432694900631
2864,10.908069746957528,8.717879008923589
2865,-18.868091967327693,6.58189599272944
2866,8.885606289038025,10.391528819250311
2867,-16.926483538616136,5.734504143743327
2868,11.056815513616511,68.32418922344117
2869,12.204903181978317,68.73549274593523
2870,-18.97789656818793,6.223248858609912
2871,3.558431542102516,-11.12325854606421
2872,-8.803499267942644,3.7032600842438175
2873,2.957121942276592,-17.039539282872052
2874,12.483150292958056,-7.759112540326972
2875,3.1473902885963216,-16.384338347853088
2876,22.69641968525567,-21.623637964467562
2877,60.45053124264316,21.643545949636653
2878,-34.86779900509117,-32.187363931301114
2879,-9.516060800588704,5.175934199618727
2880,32.81933291863642,55.60297709069796
2881,-16.301733494224255,5.5345806427160085
2882,-17.2515599282708,6.410820708938913
2883,12.752619242753894,70.10375801904563
2884,31.134422682564498,54.04570106795202
2885,3.4781072658775916,-10.8036286329727
2886,65.22724124808389,19.592791184269306
2887,15.18194079279181,-15.438924316245775
2888,22.942034291039434,-21.817111308169434
2889,31.16798997300412,50.59139711124004
2890,61.34792314145506,21.663833362149678
2891,2.847828218239445,61.43050159547662
2892,10.302345285024629,68.97627305964399
2893,-0.855123835901206,3.9575208086642584
2894,12.131572971392119,70.49990647161387
2895,12.5376372982898,69.94513401359407
2896,34.667894309451746,57.37017758498255
2897,10.689888112462867,-31.38430706305473
2898,28.86208683325863,46.93468441113223
2899,31.540964893133978,54.04039793151112
2900,36.99946420324733,58.98075251082361
2901,35.02202461198862,57.98315270528985
2902,63.854732686996094,19.910025361193235
2903,5.652898306838442,66.53642848260533
2904,-14.482868369600508,2.099952358364905
2905,35.20658946172433,57.79814982286345
2906,34.599835010326025,57.74008304151033
2907,66.52542146212107,19.1233522368047
2908,36.929188942321815,58.836015181695366
2909,-0.9670943184213991,5.831697526770705
2910,35.1289534906634,57.98961984915477
2911,5.2540940655657495,67.02307255914452
2912,31.23332848233305,50.53171754224768
2913,33.55105469067675,56.30148862635316
2914,62.24989598326661,23.445704145904354
2915,14.465498654639106,-15.130165552027123
2916,28.80575884835462,46.29583282629385
2917,4.4863778124084135,-15.887290399229641
2918,3.496001674087819,63.379324821640665
2919,4.6680134758136225,64.13644908197999
2920,13.385699239830872,69.94198314093202
2921,8.17729847816774,66.4659060857484
2922,13.060417148784609,-32.8966405963
2923,35.11192089512331,57.84692864888538
2924,-14.34803555825999,2.168141365164506
2925,9.476602025097542,-29.9743366278203
2926,8.962771719842456,-29.236945873830777
2927,-33.94934142958313,-29.09698411985159
2928,0.847835553323544,-10.744867292775233
2929,15.294180706336459,-33.378355209314435
2930,-32.67362215446137,-22.81764360342836
2931,-22.31037739118432,19.41475302828116
2932,-22.310377391194216,19.414753028285343
2933,-38.84169473062885,32.9748865879471
2934,-22.181355910509946,63.85026662626643
2935,-27.686289303353742,30.0959358592269
2936,-45.12556903926875,-4.233547006500998
2937,36.22337817187827,-28.26202472399359
2938,-0.0865933828551323,31.37165024975451
2939,46.56197811632909,6.633196121434081
2940,-24.60975652710387,-59.92434644704043
2941,-24.60905102601777,-59.92422441443831
2942,69.83648153602097,3.7633843021263247
2943,3.516314641824841,33.49636802230576
2944,3.516298849870987,33.496410377847425
2945,66.07078279184938,-4.066435429270913
2946,-24.744733389286264,-59.937096298780844
2947,-67.45572955569463,16.181374261490998
2948,22.46910344086866,19.868439471759014
2949,-10.651244628997917,25.860981535850293
2950,-26.983057353758873,28.84248130270171
2951,40.30449088667426,34.21119616730139
2952,-18.805378243456037,62.1465214670169
2953,-62.54778338315217,17.61514243252578
2954,-43.76758164684502,-4.3140096091174644
2955,-12.253706979734325,24.450035772614363
2956,-24.58223248839307,-59.91910429799017
2957,29.004112077151085,20.52518665832019
2958,-21.82445455872988,63.75431499957427
2959,-27.58067040759692,30.069464552660644
2960,-45.083200721671155,-4.259459334962723
2961,-9.632497567292349,-47.53108105449697
2962,-9.632497291030989,-47.53108103532147
2963,-33.61607303685327,-2.899539308004151
2964,-27.372880780325406,29.546152473172782
2965,22.093134033469862,-49.76825857690366
2966,-44.7584139406644,-4.228979784173314
2967,12.082414573648167,-55.20495132155823
2968,12.082411820465467,-55.204737999988545
2969,-47.79435394936866,-21.708459967815596
2970,-21.500963291366805,-54.463488551848556
2971,18.35229196487519,-52.24577098001785
2972,-36.41325939243942,37.50618424195241
2973,1.0818740751922815,34.19136871029851
2974,2.2999968972555047,-57.47515014250375
2975,-33.09638558212974,-2.328913930957869
2976,33.98783597360195,-27.025661294905444
2977,-21.697850298986634,-8.410123432751314
2978,45.9123609120557,27.442426787357075
2979,-21.815007140393814,-54.7211962710936
2980,18.56138857098831,-51.869776814418344
2981,-23.505644913528887,-59.065365417515146
2982,-13.595553040936277,-12.602033393749238
2983,39.78675659577752,34.749038946899496
2984,24.43283397901783,-45.92723541769495
2985,-20.88346937039169,63.7789308249266
2986,-48.68933782817625,-27.30392050860993
2987,43.414554779569855,-39.29525870469656
2988,-67.77522893940761,16.10790644020278
2989,39.81622713137463,34.64770529753209
2990,-15.746242154665088,-11.641309131649951
2991,-15.746242154665017,-11.641309131660101
2992,48.80255114886461,7.634413580091732
2993,-5.089948045443383,29.643242148991806
2994,-24.485182099100193,24.19689631866743
2995,23.05490772922944,17.42538483681161
2996,43.35970189380883,-38.91981208269708
2997,43.361565996208135,-38.91934122184824
2998,50.9487066172036,8.954113879005714
2999,-67.71753309073175,16.043100019734602
3000,22.86110093507646,-47.81788164722819
3001,-45.12869100954831,-4.246980168621878
3002,-63.72357222278176,17.05150939563136
3003,-19.704858503444697,62.26608428416659
3004,-35.919421213676586,38.187732522793944
3005,42.64935244043155,-36.18995423364219
3006,-10.789960231921771,25.787758688901107
3007,-62.66592595303604,17.590229490103752
3008,19.817177888147615,-51.221519720446054
3009,-36.006261097049496,37.97326453630679
3010,2.9422616568260618,-58.88314094250825
3011,-7.892697844104117,50.551759850778055
3012,-70.06139018855528,-1.314225312888666
3013,-63.74761130717741,16.973220704642628
3014,-23.173400069465554,-55.95578334495929
3015,-44.3925742639786,-4.178148317803089
3016,-46.49531191407167,16.687859526875634
3017,3.1703371628111015,-59.03407653291905
3018,-48.080574704773504,-14.146198149554243
3019,-9.969506411572254,53.478797173686914
3020,-52.90234008805532,18.06100355293185
3021,-38.25443309786936,34.415432697635126
3022,-67.53487332988583,16.1982559735691
3023,-27.674171430767494,30.092600625062786
3024,-48.71671711217929,-27.291441022693363
3025,3.514240498650248,-58.822872262593236
3026,-8.068472213793271,50.91435282914094
3027,-70.23199151986184,-1.218884258746588
3028,4.340116514576055,33.44153272547817
3029,-46.25239204715838,16.64931997746092
3030,66.19149487229978,-3.8952584181634813
3031,-8.731856996815756,-47.595605521568416
3032,-7.963951195554428,50.547068479585775
3033,66.0405767726125,-4.120806897406729
3034,-36.62905314066018,38.32719023060924
3035,-50.143914914841794,-23.480948226363168
3036,-34.36931728976525,-0.860730200751489
3037,-41.42110262853741,32.556568658200995
3038,23.458788008159477,14.049329380660877
3039,44.359160742641066,25.11167118023689
3040,-40.552166666728944,32.70520623987412
3041,-37.70549006986915,-2.636073368631043
3042,50.45977656232068,8.922505057698714
3043,48.34934242246361,8.080078194655156
3044,-40.39086742551849,33.93073862688175
3045,-37.602539434188074,-2.670545591599197
3046,67.18165668268722,-0.16363406886304083
3047,-49.61906430497207,-20.671796363360333
3048,-42.67247891328404,-2.5527210657451356
3049,-41.91361215113153,-2.371162282506626
3050,-35.37193117340091,-0.1852422852680351
3051,45.42747534844111,25.19192051521882
3052,-34.002731489889605,-1.8463434592340076
3053,23.385769869661047,14.10520764522389
3054,-33.826562652196245,-1.347684410919605
3055,68.7752746940323,2.046087598005752
3056,39.987014591324325,32.85991555941706
3057,68.77838991005504,1.8818361384164626
3058,-48.91065005034122,-13.787711183946264
3059,-49.72102077752414,-22.92649089443625
3060,-71.01970000003779,-2.1087156642322964
3061,-44.20431240527554,-3.190667907979837
3062,-35.32447340230511,-0.05428385140946137
3063,-36.276932059616186,38.6630769386031
3064,22.56970388964211,19.722957108293357
3065,-37.68838603567103,-2.6432010231310317
3066,-36.38136321698949,38.5508971557877
3067,-43.89597642041369,-3.110842175159273
3068,-33.94431574889119,-1.5672631140239557
3069,65.01106765307016,-3.1044059565542175
3070,-42.430414335196524,-2.5405506764322143
3071,-49.07535919872926,-19.188783531887
3072,-49.598858365317476,-24.27595540110495
3073,-13.914363167402954,25.15404293685023
3074,-48.19056156259663,-26.289838369003807
3075,18.589274496379485,-51.5396616222726
3076,50.95666499146893,8.942171102939241
3077,-26.635217623077803,-60.613158244869254
3078,-35.659854342371354,38.46896872478135
3079,39.345151397898704,-31.87355085074638
3080,-5.07440752451489,29.755168722758732
3081,39.34528517888547,-31.873336467175008
3082,39.3452366835216,-31.873287211736145
3083,49.043290957192866,7.861695181853442
3084,-9.742588269064155,28.21772707879007
3085,-20.520124136684988,-54.01530734273557
3086,69.35235509982537,0.9065343767843136
3087,44.0682540422101,29.800079198858644
3088,50.89384601736063,8.90377756448016
3089,-48.076921151809685,-26.031061959937134
3090,-48.48179934232958,-16.235199713931536
3091,41.79477672607448,32.45856400468273
3092,-41.475435377800515,-4.537864832649523
3093,-68.7205172451364,-2.2009431254179113
3094,-71.86426413968186,-0.7896753014750895
3095,-43.27517903001372,-4.551189054935275
3096,65.62223142162608,-4.645805094013426
3097,-48.4780817129046,-15.816568228814258
3098,45.65278551440791,27.63573223104071
3099,44.55280344244606,29.12939741403311
3100,-32.74152546494961,-1.851483588342442
3101,44.20017775110253,29.670955948582886
3102,45.693268095475396,7.004297269749499
3103,-20.989328760129577,-54.512062000962885
3104,-26.154184967088177,-60.5928621255542
3105,1.503354946801108,33.24044958722585
3106,1.5033422438808048,33.240458829554676
3107,-10.317659900496231,-49.375048332322315
3108,-8.050989059485813,51.081781063711034
3109,-17.894985234820638,62.005000525257024
3110,-21.643142476700447,-55.2884524505156
3111,18.580049947685907,-51.04858225271321
3112,-61.800525666558016,18.321423483712046
3113,-61.800523671620496,18.321423414241806
3114,-17.895027115708373,62.005060888113455
3115,24.522325935741637,-45.531314602083135
3116,-21.41576419990396,64.09009431633186
3117,42.93512849710945,-38.8829313486091
3118,-21.415764604442256,64.09009028706339
3119,-25.557323959478786,-60.497555881324494
3120,-25.875210244694593,-60.527943264569494
3121,23.701805058869894,-46.16367117638013
3122,-67.29677887841709,16.848062250028043
3123,-25.481356546750543,-60.475377824224445
3124,42.96720600742665,-38.919912828169394
3125,-66.71545781295882,17.592134873406792
3126,-66.71548048739862,17.592138254714328
3127,-20.81078290765386,64.2563159032925
3128,-67.065383888827,17.071081575119933
3129,24.055465019256722,-45.96105387408325
3130,-13.126895125951043,25.21086094912843
3131,-13.74606701269436,-12.47114243201108
3132,35.25706561621116,-28.4918051275795
3133,-10.895990835420639,-49.732344133391685
3134,-10.895990866625183,-49.732343794079746
3135,-10.895990946130832,-49.73233771151262
3136,1.2424900804617522,33.027519495873264
3137,42.89579382517776,-38.765236074177544
3138,-25.728109320331324,-60.5055773612286
3139,42.89686269740718,-38.76496261158407
3140,-19.254497869565984,62.826037516737486
3141,-23.082303730983043,-56.45877321271903
3142,18.456317612950933,-51.16331613374401
3143,-17.725484698713657,61.82108308204358
3144,-10.544767226613372,27.90867680359489
3145,-21.66761153218409,64.08340771128074
3146,-21.586968012005443,64.07942528577522
3147,-25.429939807950788,-60.45467986742451
3148,42.99624792401092,-38.92697056031728
3149,23.703164499571432,-46.283458565494904
3150,36.2755402310709,-28.703496861154907
3151,-13.513342035601385,-50.433862382532794
3152,-13.509463867122466,-50.43030978581277
3153,-13.509494545711032,-50.43032439353863
3154,-13.509443793028947,-50.43030711345153
3155,-12.936504192990016,24.799287749465655
3156,23.917480325231672,-46.085481212092816
3157,-25.72304513271934,-60.52422474618643
3158,-12.920714042978307,24.787596120504038
3159,23.740155177128266,-46.261362697671736
3160,-67.30569191425789,16.79372283265286
3161,-25.800000986203695,-60.512226533790205
3162,-21.0324985765305,-54.349775530839686
3163,-9.930508645088393,27.946621578643487
3164,41.5043919139236,-34.26576262006291
3165,-13.058423806832906,24.913751945282975
3166,23.861785655986512,-45.965814048787294
3167,-17.32642611547544,-54.09332971293207
3168,-17.326377680178634,-54.09340282150784
3169,-7.39091908956692,30.28570152836744
3170,-7.390914647752806,30.285697094634536
3171,41.729084263618525,-36.29143173865349
3172,41.72908427602082,-36.291431989102314
3173,1.0204672872030633,33.479205893039705
3174,35.10480007965295,-28.851861155788974
3175,-10.532769660316655,-49.81220082697954
3176,-10.310844834410364,28.085420733211347
3177,-14.985989263543559,-11.97854490728514
3178,-10.310844854158583,28.085424812146634
3179,-26.68775849545541,-60.49063553748647
3180,42.785152259099654,-38.27390035929472
3181,41.425235365922305,-35.72772181369887
3182,-10.734907109735374,27.869719408600773
3183,-26.58985393650302,30.433538673932674
3184,-26.589900364443263,30.43377210303846
3185,-13.955271772161574,25.168280054370996
3186,5.599168952239989,-53.637790384941994
3187,5.605871195583863,-53.63622354922158
3188,5.605913588837638,-53.636125581964016
3189,5.605849943819594,-53.63611210016827
3190,5.605849962035377,-53.636106440851165
3191,5.60584867311828,-53.63578161036215
3192,37.27872041448127,-30.47317613720888
3193,-50.897111991174064,19.993529856484905
3194,-58.405213790939364,19.761983577748726
3195,-58.40536545655023,19.761987162431254
3196,-58.40502471471719,19.762011304423744
3197,12.892621488047268,-52.92808138785509
3198,12.89350529755491,-52.92542389451438
3199,-58.4054359524335,19.761999555730224
3200,12.893649987360305,-52.92603107851193
3201,39.81416920129419,-33.36388159227589
3202,0.5859242595059827,35.30820458153726
3203,-4.718295653283826,-44.813064513852915
3204,-4.71829576000014,-44.81304494326174
3205,0.9220225031947598,34.98501855149721
3206,33.73532226500928,-29.092432367504493
3207,8.916401018854419,-48.655744974246296
3208,-21.954258263480757,-8.18654180367724
3209,33.06677061401643,-26.86473347151678
3210,-9.500308617643343,-47.95564396528668
3211,-8.525458481512766,-47.882726726639106
3212,3.180731701538546,33.81029175553022
3213,-8.78174732354359,-47.93473663494892
3214,-23.313683595285426,19.858068601696253
3215,33.39796619490725,-28.065270956290203
3216,2.6268946627676435,33.95139446218908
3217,1.1523453635824132,34.89293871183717
3218,-6.60717007444406,49.725819177229916
3219,33.4067733724106,-28.12293775641997
3220,2.5319899574459845,33.990026703445885
3221,-8.05633423074738,-47.79531263097745
3222,-46.74456135611218,16.984446748926278
3223,2.613235460079521,33.83954143299895
3224,33.417573450888774,-28.00080913861549
3225,-21.47609776699084,-8.470465501738962
3226,2.613238316822145,33.83965947367031
3227,-8.241223291764834,-47.84154147526695
3228,2.1811924746767333,-52.85034878537003
3229,2.1812454556008185,-52.85014410503755
3230,2.181245366925845,-52.850143248368525
3231,-4.757752967454502,46.85148471873562
3232,-4.757752952059204,46.85148530164947
3233,-49.2502361774598,20.363131272799116
3234,-49.990207620197616,19.97216468395437
3235,4.097497286986384,-53.58296818742926
3236,-49.99356553861526,19.97265909268437
3237,-2.5631499217908873,31.822357250951878
3238,4.097966012039033,-53.58462829518013
3239,-5.199390013549848,47.98046987478458
3240,4.098001867612052,-53.58444705368113
3241,-2.563086338064433,31.823410964852393
3242,4.098020232256675,-53.5842760917412
3243,-19.124776145662842,-10.328049587320875
3244,-49.99361740929296,19.973104338537933
3245,-5.199389990940509,47.98047103572259
3246,4.097862792023019,-53.58419947913753
3247,-13.569816770641129,-12.373217089328813
3248,-20.506654465235545,64.3803706675877
3249,-10.09592305408357,53.750108979929045
3250,7.123536279257264,-56.82515570986499
3251,-13.92385678061014,-50.503397059132915
3252,-13.841171422771946,25.12864153019173
3253,-13.57073939849513,25.083839843698062
3254,-11.541850593878983,27.213072399731555
3255,-62.29276560481739,18.25175722130699
3256,-11.541855319091118,27.213100342021328
3257,-11.541855333521662,27.21309948743667
3258,41.685247891920056,-36.3175328213903
3259,-17.924160831896042,-53.303034142616696
3260,39.581865689815025,-32.980339567733594
3261,-17.92405313505463,-53.303319272390446
3262,41.612057620722354,-35.90391946633797
3263,-10.798900965872612,27.590426256002292
3264,-10.798852327677753,27.590161659395253
3265,18.675320245409306,-51.18979875583295
3266,5.504630137208267,-53.81799757381236
3267,-50.92921443915069,19.923968674008133
3268,-24.03149938578296,21.554539830374143
3269,-18.775446276578723,-55.75697586841431
3270,-18.775395554366522,-55.75694310091811
3271,24.81655193652672,-45.12241565153394
3272,-66.56361803175568,17.746245409348028
3273,-27.108785737724368,-60.42911294661847
3274,-13.583429581442177,-12.376040304063636
3275,24.816552295893665,-45.12241599562743
3276,-12.515095442626786,56.76906035106847
3277,12.781258494298898,-53.56957923071992
3278,-49.975014779991994,20.0815911868102
3279,4.132197890060039,-53.41268705555617
3280,-49.974930359232744,20.081680564706705
3281,-49.97488271791226,20.0823249971486
3282,-49.97473326604301,20.082417341718227
3283,4.132094499889593,-53.42755442457538
3284,-49.974559173368625,20.081111664255893
3285,4.132169894341213,-53.42590350812932
3286,2.217525991800623,-54.80328530615087
3287,2.2175011062219223,-54.80229558590011
3288,-5.487762891417524,48.704607519978346
3289,-5.487728219801677,48.7046186734733
3290,2.2174913802678757,-54.80249104763522
3291,-5.487654323734212,48.70461722552408
3292,2.2174895285627865,-54.802184424697785
3293,-4.491866223421143,-44.50632879555439
3294,-48.595591158619264,19.214241671954667
3295,-53.2868201191225,13.120634117180645
3296,34.64772887308478,-29.331841224473703
3297,-48.22750243239102,18.710428481743392
3298,2.5293714945994203,-56.28482808844773
3299,2.529350075328166,-56.28469804996523
3300,2.5293186285650506,-56.284622529675936
3301,-23.40202436624299,20.17684255255376
3302,-5.989074648080138,49.4868567109681
3303,0.5817902645318725,34.14502820558386
3304,-23.949942200647392,19.810060482430142
3305,1.940519600401515,-54.90970687330572
3306,-58.72477484341588,19.961998821414717
3307,12.864246213714807,-52.6135692780394
3308,-58.72475626113916,19.96204178317229
3309,-58.724750596598106,19.9620421592118
3310,-23.79829537707439,20.903058110062812
3311,36.84881574251047,-30.20702275632373
3312,3.8247442529355697,-53.951728128317086
3313,-5.265960920699042,48.11713337684977
3314,-49.821545578345756,19.77113462049858
3315,3.8247435163755745,-53.9517255977792
3316,-17.597180512184124,62.040374501163676
3317,-17.59722340175161,62.040511419813825
3318,-14.741516836474615,-11.977420592910981
3319,-27.34079490780023,-60.38040988355412
3320,-17.79301746976454,-53.77703077385846
3321,37.66933799716917,-30.534942997623464
3322,-14.996697178840142,-52.68341771351693
3323,-15.105713557308922,-52.94956509477636
3324,-15.105714365972212,-52.94961647846286
3325,-51.16398864031709,19.848038490344766
3326,5.856210099419554,-54.119811844034366
3327,-15.105716094875074,-52.94961422417532
3328,-15.105777219730777,-52.94922499239441
3329,-18.86481693326525,-10.42650182478619
3330,-3.084677031904146,31.062006572998385
3331,-9.313658227409181,53.40611925970441
3332,6.098316987242812,-54.87117930448906
3333,-51.46134065758426,19.478151439187144
3334,-47.777579292089115,18.76649758635159
3335,-47.777270394624644,18.766757498498475
3336,-47.77725809950908,18.76687030611256
3337,0.7196544787288967,34.99551595144781
3338,-5.4162060289935745,-45.39912625531836
3339,-6.323340872119863,-46.482980764421505
3340,-6.3232739541812775,-46.48331856207142
3341,-6.32331395374996,-46.48348736159184
3342,1.0325562480234627,34.59854931038695
3343,-6.32324755750601,-46.48346772133308
3344,1.0320763518930418,34.59861952724006
3345,-51.122320323583445,20.03215459379575
3346,37.29161823602399,-30.56392641186285
3347,-5.54729600103961,46.926362362246216
3348,35.94578015860886,-28.759643303033414
3349,5.6252415610512685,-57.317720146737436
3350,-12.102832446521191,-50.26413683991077
3351,-12.102849854490957,-50.264149671297275
3352,-12.102894940250732,-50.26419188256757
3353,5.625611898574286,-57.31884257934117
3354,33.62501902988037,-28.466716080811075
3355,1.7392536414897357,34.02855070079899
3356,-21.276650466746712,-8.56999370706375
3357,-7.553303049973098,-47.2474843617875
3358,-26.94655010478805,30.027370435920734
3359,-13.186546442245715,25.355172091277133
3360,-13.186546715738586,25.355172912951833
3361,-20.425420371013637,63.768470960271195
3362,-12.024859419434426,-50.2772395536683
3363,-20.571836523434744,-9.10934929915787
3364,35.938030241183846,-28.831644220377598
3365,-8.164497274648017,-47.79401993915113
3366,-8.164463493162922,-47.79411882966163
3367,-8.164378672192628,-47.79425449850668
3368,-5.572020728688188,-45.67972720485687
3369,-21.026977680168308,-8.753593862332929
3370,0.906090818355175,35.05797145012258
3371,-9.531712393300253,28.779486621578474
3372,-18.15230528646807,-53.561630562561845
3373,-10.152394183188564,-34.64971453135642
3374,6.783146268223158,23.29013841594915
3375,61.820619668555715,-0.1351102443614859
3376,-19.314725873230827,-13.953951224523333
3377,-19.314754161803872,-13.954177954814742
3378,41.83608022919003,4.922933732279177
3379,-9.941015379759637,-34.64036342731373
3380,-11.667814838377836,44.894843231106286
3381,42.57688425838401,22.063837372876385
3382,7.998387028204859,23.71659092905794
3383,24.781648917685118,2.0379099130143623
3384,41.81135237856958,5.512291767815318
3385,-23.659063519170413,-14.583542452081627
3386,-23.659393152633335,-14.583596878867864
3387,42.66795328755088,22.315033163557388
3388,-12.678779774278722,-35.55186413852064
3389,24.64033264835256,2.202590814595145
3390,-35.09721704909044,2.284153493718164
3391,3.7059222444597792,-69.23588152140121
3392,-49.92175952500853,11.014426002343498
3393,-34.497027997751985,2.080419514192728
3394,-49.864932045955065,10.033652430082538
3395,-11.844660850637885,45.21532782746754
3396,-70.78988654752092,-4.130491314463231
3397,-11.450538052513446,44.708064610904174
3398,-11.45054643618878,44.708065399227195
3399,-34.66286467579673,2.0347895294381684
3400,4.7595592808429865,-68.5906174000763
3401,4.759560460444827,-68.59058389329445
3402,-52.75131757687502,-14.504045525584809
3403,2.794771058610993,-70.04325629742071
3404,2.7947706310137694,-70.04324068373792
3405,-42.73768818861059,33.217161724852645
3406,-10.539422825905456,43.580496189074005
3407,-10.539421552199482,43.58050910300011
3408,-45.0620800204898,37.12142412001991
3409,-6.860854244864685,-34.6526811895978
3410,-23.827373684875337,-14.636914897827076
3411,38.951843804558955,-15.996182205343322
3412,38.2494410404367,-4.196817028499941
3413,2.3591019665113673,-70.14061547199984
3414,-27.387289583449625,17.841572916060812
3415,-53.358077402392176,-14.502117666946148
3416,46.95320725412401,-9.047369465383724
3417,39.32368683057611,-16.82958043710422
3418,26.35489431963782,13.638207658431032
3419,39.5430859854741,-18.038332137257086
3420,4.889198333378436,22.483356388978464
3421,60.23000413302408,-3.418999845797716
3422,38.87693256120217,-18.187975622441126
3423,6.0189354261778,22.83323739659385
3424,61.46704995788423,-0.7184388826593643
3425,-24.623702498503974,-12.942637959138294
3426,-12.589200104575376,-35.482134755747396
3427,26.292355212796473,14.125583553836647
3428,1.9962686408834978,-70.1808228819423
3429,-43.00470614987573,32.772808338466525
3430,8.234545313354793,24.090724021656364
3431,32.217006281562604,-9.55935472531236
3432,26.391937165408038,13.571273246730472
3433,-28.48189878717023,22.245611879000368
3434,-16.8510140917856,50.26223526009675
3435,-40.026163246236315,37.06025251630048
3436,-16.76843750293061,50.17440305234445
3437,-16.768482975392615,50.17444448143113
3438,-37.206660383172775,0.08022204047610705
3439,2.7086581806429915,-70.07285388001597
3440,2.7086581688878946,-70.07285370636053
3441,-42.74989814392151,33.179956899968495
3442,2.811467557938998,-70.06028165241422
3443,2.811467455071555,-70.06027951772269
3444,-42.738138905595946,33.20545462271737
3445,39.49541371643104,-15.869602381100762
3446,39.495352364311614,-15.869460617805382
3447,59.819180962671346,-2.131043289059033
3448,32.409734027497095,-1.536240532975348
3449,-26.470528429626036,-12.220185057872559
3450,37.97096350805162,-4.349536265945766
3451,5.4943133101091455,-67.64242429950214
3452,-50.15823074818648,10.899956895302939
3453,-34.84440414834096,2.0883686449657284
3454,32.272772738144454,-0.9788965782366891
3455,30.2029797622319,5.747427000737946
3456,-7.610429449751962,-9.063259519016686
3457,-22.528168995191287,-13.838637166190944
3458,61.64425397254634,-0.4302563527416655
3459,-7.234061261846376,-9.245790346887622
3460,25.77483636211047,14.283560385769267
3461,8.581550033450142,24.294410700134495
3462,25.234697299767394,-5.9611982540698465
3463,30.24468216795233,5.725131701851178
3464,46.91089777497968,-9.174945843938172
3465,24.735925512196847,2.1219590946630733
3466,61.24766027159584,-1.0698018186510847
3467,-9.717952687457597,-34.728095809142594
3468,-9.718248656676433,-34.72817973263842
3469,61.56651623483614,-0.5488423093873163
3470,39.44870957204176,-16.834833578174372
3471,24.35361901227962,2.553976525772556
3472,26.36676556764971,13.567689372994053
3473,39.15290792708973,-18.21664511972082
3474,-7.194024007824514,-34.61979524065607
3475,26.003226514664938,14.19541400704592
3476,-27.384931517014323,17.865855586729356
3477,-27.385073175504274,17.865835304949936
3478,-69.397522906997,-5.27010968248614
3479,-9.40064970551346,42.628882479319394
3480,-10.436313269051988,40.20950253299374
3481,-37.37224303628708,1.4483752186388563
3482,-22.750184679501654,18.616449206844255
3483,-48.42279666327923,-14.243035369721335
3484,8.72625138482674,-58.14781034094172
3485,-37.52669677250199,36.66384937487962
3486,-12.387801341275628,54.56415754954821
3487,41.4769190763557,-32.59297006946602
3488,29.224245461866385,20.24409792996631
3489,43.520169473254114,11.897708116085518
3490,-7.358355132198443,16.507027721086814
3491,34.43509065703747,23.385619075028323
3492,-37.14715488489402,37.0877564984635
3493,-8.362109634091208,-7.911374922379868
3494,34.47023403057912,23.287714488543408
3495,-7.303451902720704,16.459145250430506
3496,53.496382850827665,-2.8572478484903283
3497,-69.56596327745788,-2.4476098875871855
3498,-6.293791246231198,15.532964373669884
3499,46.34716977138023,-8.640713581650378
3500,34.77542923289831,22.448454151494705
3501,-8.219885074081756,-43.13278695615998
3502,-51.80865789692819,-23.104513155723
3503,-49.93918454000725,15.90776316907891
3504,-68.64861988721728,-3.6213935882409354
3505,18.66222279872139,-58.50695815441124
3506,50.58840928714801,8.897818450917038
3507,-5.435736957043121,-42.34308850537807
3508,-49.66487716926123,-14.720033454221685
3509,65.86722948786507,-0.8366888024240324
3510,-48.5361141870072,-18.95967610457224
3511,52.519970984595595,-2.1080319924172035
3512,-47.93054548436831,14.45833542780703
3513,34.75523434005372,22.505918963802557
3514,43.54479684136351,11.906433057885788
3515,34.70770441883913,22.625950217320636
3516,-17.785791033312947,-50.77909655527556
3517,68.5596856982326,-0.007226198709116935
3518,-8.101550917596727,-7.960954197734747
3519,-72.82592095090732,-1.371484213516849
3520,-8.885256297292793,-7.760595521238114
3521,-38.271198658265746,-3.0716027220360087
3522,-7.785976516725343,-7.8929669573250685
3523,68.7557864599594,0.3221512059126239
3524,-8.759299231631335,-7.807019197222562
3525,34.72092477116475,22.593350093713497
3526,-9.807205149944316,-44.067301900628365
3527,44.61866003886467,27.84607020566438
3528,46.1644408658148,6.400148952598988
3529,-6.721926404476557,15.909638663492373
3530,34.371706720186936,23.563420897129863
3531,-45.3864395017321,-19.211546119069684
3532,-7.556026526574547,16.69423493187334
3533,-36.9620674944586,-3.1115119882392475
3534,-7.296854882944283,16.449922415200977
3535,-38.13233540445055,-3.092851129949435
3536,-6.120939782552234,46.22472787363541
3537,-24.280561254810454,14.02502568746508
3538,-5.837110923442159,15.237210437764524
3539,46.6224054559265,-7.70020394584339
3540,-2.9701462088741266,29.67436646776976
3541,-15.666582155454266,58.028927427326444
3542,46.43994723667754,-8.201115624906821
3543,-17.332277022559552,-50.05989201446447
3544,8.22503810462952,-58.29763038856691
3545,-24.52173531197233,23.535679718594803
3546,-25.011844120619273,24.254138200998575
3547,8.607612364531207,-57.979373298044784
3548,-53.647562433486506,13.229418378893056
3549,-8.89591593658684,-43.29305270894138
3550,-9.85437951493339,51.88169378405724
3551,7.879174366554719,-58.536237774537746
3552,-6.611476279122614,15.793703052013129
3553,3.112707757823321,-60.24949371887556
3554,8.201752719355087,-58.32882263554521
3555,-16.150216392435095,58.293350155563786
3556,-14.63904177716763,-7.79945767999856
3557,-7.498248885259713,16.64023264886605
3558,-15.239311066558,-6.857430160355607
3559,64.64412402387096,-2.6156073741744863
3560,25.15454407769299,13.815541523384123
3561,43.5519624246748,7.071105525149576
3562,43.78848421026227,5.597113868714422
3563,45.340047482788016,23.690590131662308
3564,33.9333175118743,-23.790092697016995
3565,-69.13780599095512,-3.267918279293766
3566,53.51971187703814,-2.81179796020769
3567,-7.7010932393908,-8.076113883073887
3568,5.728311437572997,-63.043875789533374
3569,-49.97754645122209,-15.800036659741979
3570,-69.14723712840228,-3.224950430379697
3571,-50.19596395333029,-15.595252920423173
3572,32.45159373429441,-0.5871464095852298
3573,-72.64537814537415,-1.9918170850585852
3574,35.94492229374454,-22.865301306435235
3575,-49.61874422256691,-21.44974511893855
3576,-50.21627461131068,-23.200695150303385
3577,10.366199956812292,-58.918594450878516
3578,-6.750755893183238,45.27908071734594
3579,2.572034396499521,-62.804394241047994
3580,-10.311120410746128,-42.650092318819084
3581,6.801844936555299,-63.08308066682611
3582,3.8510337577271923,26.407252791099694
3583,-10.847790974459276,-42.97565113821622
3584,5.820850710891541,-63.02516798897235
3585,-56.38915162326673,16.840085889316867
3586,13.446616986149236,-57.51123721210536
3587,-16.90215049170806,57.156634631937514
3588,-15.848334504716938,55.747939380174714
3589,-51.92183514408831,15.982768688114408
3590,4.497458120075879,29.3599364612307
3591,6.378983500971007,29.88986073791547
3592,-20.833608476299773,-19.301374270586138
3593,-71.98402218974564,-6.7434113398058555
3594,-55.07138731630064,9.330259158577467
3595,-35.38728563731261,4.814752768703479
3596,60.50390466844688,2.544731406109492
3597,50.00359819593223,-21.293048166720872
3598,-71.31545127900408,-6.9441061613982145
3599,-6.923957007335152,-26.570877772278983
3600,-43.924569378968975,34.52181103474554
3601,26.100300357635042,-6.233084289192416
3602,-71.26128810655024,-6.983362093404656
3603,-52.4213766557111,7.52565835676932
3604,42.72190133460096,18.70687028098725
3605,-52.51078623988951,7.608510262065497
3606,-55.62673876811365,-15.549015323969924
3607,7.937430100356398,-72.96860133406375
3608,-55.60980594959495,-15.55230399159889
3609,7.9458014857662995,-72.97124353393255
3610,30.90136872543794,5.712437405604334
3611,53.001047345125826,-20.160095724710384
3612,-71.30600134586528,-6.97159438466035
3613,7.987160782266924,-72.92419816118817
3614,41.392749594969125,19.325884962826386
3615,-22.218016143127972,-20.30879003357239
3616,54.6013390835332,-2.2960899078777306
3617,7.997119208139669,-72.90131420616872
3618,30.887243001848336,5.7088679062111645
3619,60.607029638202576,2.552778406254724
3620,-22.339607566249768,-20.479855890666382
3621,39.78441318881922,7.449779469849348
3622,7.950641959371169,-72.96020600426912
3623,38.645758910328084,-4.459596370710477
3624,37.069271855238746,0.24963982877750704
3625,-15.60355879050412,40.99408279927974
3626,38.26804171711415,-4.781576101908847
3627,5.186389466325112,17.506779979294883
3628,30.894492420470225,5.704903020361217
3629,-52.511629699745804,7.574725523699003
3630,30.861143174867532,5.697829681658765
3631,-7.652287212286582,-10.378821534355282
3632,-71.33915509655078,-7.015256307043518
3633,3.500430288125213,16.50185789613134
3634,39.71273535088832,7.438633415026406
3635,-35.5096301212909,4.786354722863665
3636,3.663078145717817,16.605803863382746
3637,41.59814288787976,19.108575809463176
3638,-7.509894137144632,-26.087420563423624
3639,28.533081421590555,14.219599660729783
3640,3.490116938506709,16.62388852685617
3641,39.72384484053082,7.424517544934894
3642,51.6170367765364,-20.554288398925976
3643,54.667228788319505,-2.2709876170537875
3644,31.882686041544474,-2.2573820126548885
3645,28.48199631056278,14.284419172235404
3646,-8.774139400842458,-25.357281191618686
3647,30.93469663060631,5.719735960259269
3648,4.313374463978405,15.27947215460288
3649,39.8317622671209,7.692233411929604
3650,26.318883349105054,0.7999711066594116
3651,54.65299152317348,-2.27348944221753
3652,32.688231515276506,-8.095349642391959
3653,30.178626975627854,18.911054576710637
3654,3.4343135477573186,16.732802162434318
3655,27.77857113030585,15.522288014143145
3656,33.10747445669873,-9.098502981313509
3657,60.454670626528724,2.5414155822205737
3658,3.350575687441877,16.753139503320302
3659,38.28300223888245,-4.74119703668076
3660,3.198392564494773,16.466469948953552
3661,42.72605630500763,18.64109350001177
3662,-71.35360553705341,-6.944399743019048
3663,-36.08334103756229,4.685153877912738
3664,26.343026701544755,0.8310922179638401
3665,-71.9227104704927,-6.802700063257879
3666,4.175276110358519,15.412249233984367
3667,-15.27466555301339,-34.870102284132486
3668,-42.027789151340244,38.48884752897827
3669,31.85101030936015,-2.408964380775173
3670,-55.572259109383,-17.166877616160857
3671,52.665308437557805,-19.72470180401625
3672,-72.81839926202832,-6.475366875605891
3673,3.1969642934952787,16.768940603400193
3674,-55.443099835386924,-19.049919880887128
3675,3.166878361777794,16.348767368171234
3676,41.45884224113196,19.383057159749683
3677,3.146906425185695,16.758784651844962
3678,-42.25407507813244,37.898712472442924
3679,-9.140495167294562,-25.1556144877817
3680,38.047698676451404,30.130426355301722
3681,52.50483954786152,-19.075781788995457
3682,62.36523055768101,2.8302851895311285
3683,53.16037605492361,-18.898822523551242
3684,-55.585093460818605,-16.75716479183348
3685,26.166982518801543,-6.239711894484959
3686,-74.5441446815448,-5.743007806634883
3687,-21.622253589896072,-20.777199329518126
3688,-45.035557157976086,37.14831822279063
3689,-15.723202028497779,-6.085128817549179
3690,-55.50534226027481,-18.41123583252779
3691,26.244462758855974,1.7227414684339006
3692,-73.37156586351736,-6.287689886802466
3693,31.8416182738779,-2.4021439868322085
3694,-35.70137746133461,4.719610762622153
3695,32.62685787023989,-7.825520910136142
3696,-55.656461441788665,-16.221430061627093
3697,32.69227780376502,-8.009395382972151
3698,-39.87086862624043,3.4592379798807196
3699,26.349523068866425,0.5755305559705226
3700,41.408767456839705,19.365531350804822
3701,-10.270841426383688,-24.51239197838986
3702,-55.49632627917103,-18.24505559731478
3703,51.61892018040509,-20.518816856457885
3704,37.064647513842154,0.2806741692497237
3705,-20.521488208250734,-19.26726994150129
3706,-55.57700994438168,-16.76028521897898
3707,-15.511065456327342,41.108191966599954
3708,-55.572826188131835,-17.395654213660478
3709,-7.5228647827738495,-26.106682501339318
3710,-8.06812639263507,-25.237560674350743
3711,45.750299338491146,-18.99876298530801
3712,5.66388703110985,17.532086516917865
3713,45.73012664861949,-18.986160371100006
3714,26.55195455025848,1.9833479119993254
3715,-21.528731142079934,-20.83445837207346
3716,32.776299814499346,-8.155870350467143
3717,26.238353327237608,1.808306039830307
3718,31.28750505178397,-0.7536833085913456
3719,-22.18155200657007,-21.331710134455054
3720,-21.622645402725357,-20.864157086070314
3721,-21.892277828065396,-21.11913542964189
3722,-7.681614900266888,-10.418903858534112
3723,25.997711077724635,-6.343380157006203
3724,26.200568204414996,1.939327519598917
3725,25.9903270464482,-6.356184615667665
3726,31.342544767346944,-0.8270282044564663
3727,3.6972456239273206,16.193923009304413
3728,-9.761796815450147,-24.793909745350614
3729,32.654485743473245,-7.967513835431583
3730,26.241243708313927,1.8717870852910667
3731,47.77580945872941,-9.830074536139854
3732,47.7793452383241,-9.820811796393485
3733,26.24907098944243,1.582449470122915
3734,-5.806695143070919,-26.69143428636862
3735,-21.21721814582416,-19.723971181912983
3736,-5.949080602702169,-26.621069729092675
3737,-22.19347664865731,-20.359163294040656
3738,-7.87733367064383,-25.78547294929102
3739,-6.468992817845013,-26.738256711107304
3740,-20.855804690870137,-19.433582429670853
3741,9.714103587633206,-71.62893812913453
3742,-19.889833867683315,44.10709946395361
3743,-16.706895994252918,-15.714073757253832
3744,-16.394454490935527,41.1801131114977
3745,48.37661124445972,-27.837022156448345
3746,-29.51071613147792,15.47900578561314
3747,16.72514084103828,-68.11332956616539
3748,2.343082001642556,16.883272391920446
3749,-54.00995427660844,8.528131073907225
3750,53.19703886076798,-19.21521016943059
3751,-24.38210772352684,48.11265597577492
3752,-12.766428293066955,-29.209091766762896
3753,-20.85998241199596,-19.19226476517425
3754,9.68892723395998,-71.56323844590158
3755,48.38318301061278,-28.51785878364855
3756,17.28239379750375,-68.09087553723032
3757,-24.32066164004874,47.93044104406633
3758,-24.308488712531755,48.02145583067384
3759,53.19183336506865,-18.99907198732233
3760,17.016652281271583,-68.27430480284478
3761,48.402752815878415,-28.259974072524656
3762,53.263135355794326,-19.5087867525305
3763,53.09325810844876,-18.982510634746756
3764,51.152725057125636,-21.01377185192218
3765,18.21014121133489,-67.58399352853293
3766,17.172313774653674,-68.15014676164357
3767,16.020988149104184,-68.46170203945512
3768,-17.412959068796848,-16.0513473916554
3769,-9.057153667634667,-25.179573593566364
3770,-24.24024309864392,54.620404899398046
3771,-32.88121341995806,23.38103156539239
3772,16.70390512757809,-68.30878929014428
3773,-20.029160909162897,44.26394973559072
3774,3.054153041883183,16.278344326279736
3775,-8.401777588454925,-25.571991249636454
3776,26.279600859044635,1.3797921335122854
3777,-52.945781719471746,7.954727341187102
3778,4.873480957803757,17.394962445153187
3779,17.277400252688597,-68.11478698069583
3780,-55.58986681241509,9.60323773936569
3781,1.9731310235188817,17.141729629699412
3782,16.72196101416626,-68.3071916487485
3783,-8.903334324329695,-25.312388910111054
3784,32.6901971470708,-7.974269077420048
3785,-20.539523908695365,-18.557629529433367
3786,53.16256963463863,-19.01743026664066
3787,-8.891789936652525,-25.30589109463622
3788,-20.021007980557624,44.25094484634889
3789,-52.76538188169834,7.820921768029822
3790,-24.346578216090528,47.983415854361695
3791,1.395103974098981,17.68787025671281
3792,-4.008403055024867,25.674631885570957
3793,-40.15031846741956,2.3156650094606004
3794,-53.09294511528384,10.008372219723299
3795,-37.0454320262043,3.1366063055863984
3796,-30.872011172912092,22.671091131351453
3797,-35.389263896611496,3.0579062015388248
3798,-17.057246803906697,46.0155013943103
3799,-42.84863055637709,35.2397020480548
3800,13.126322514889162,-66.3475704844082
3801,38.43423283543018,-4.320261217381667
3802,-17.849480809895535,47.03756338816273
3803,-42.911358321024125,35.06826246064662
3804,49.213318768247326,-15.202746092308775
3805,-42.94163771645184,34.921728701842746
3806,9.22814568830443,24.645475469692656
3807,-54.465777160182746,-15.298363795300304
3808,32.05663232369164,-8.543715090796706
3809,-36.72943903328429,3.1656283294230647
3810,25.22323580870649,-6.249221633665874
3811,26.4788494632575,14.97792478613777
3812,32.27500462655235,-1.9002373932375267
3813,-41.57290796747184,37.26494204009024
3814,49.03363865461564,-16.882905202369766
3815,41.08846661938305,21.083865024464753
3816,-21.74820238152728,-16.395983821011978
3817,-73.705851219429,-5.517722065056933
3818,-9.262919668140759,-32.381254078046325
3819,38.368844326002524,-4.36807851158456
3820,-27.09170211201388,15.952097040968335
3821,-54.41215543386372,-15.190774128326428
3822,-27.265359361760694,16.250919656407707
3823,-40.454001821693915,2.368566951130169
3824,-8.357556651309755,-32.23350278720243
3825,-36.700694984710516,3.191542783916852
3826,-22.190105487643024,-16.35125675528463
3827,-41.682694090383386,37.06097087388339
3828,47.83181455541463,-17.74267205386656
3829,-40.415849964300016,2.3635151729983366
3830,6.121499243625625,-69.21339571326423
3831,47.99023451593224,-17.981396219938738
3832,-39.51274902795936,2.2302569896366338
3833,-27.334289479179454,15.33682964898238
3834,61.59932116269536,0.865885418447607
3835,-8.796954692921394,-32.39415836729288
3836,-43.01340241418954,34.77131935296714
3837,-12.006093102964483,-33.86728777268496
3838,28.08897102275185,8.288234131743693
3839,25.240111667422894,0.9193538164734757
3840,-39.43314931678863,2.2344721589775127
3841,32.148870533772154,-1.6229368102863462
3842,-42.91565792691261,35.06965481538847
3843,-22.636066484191456,-16.101856311713934
3844,62.20701710759288,1.2400774497921723
3845,-13.572688760298613,44.60387240869085
3846,-36.129076040863175,3.129475770420138
3847,6.936005112774004,-69.7843053455709
3848,38.67241627248302,29.537082360468865
3849,49.251260208269905,-15.300584573370676
3850,-54.706967821747064,-19.18766810835853
3851,62.613244641455466,1.578705353039189
3852,25.218616743156744,-6.211593511059787
3853,41.056327839880446,21.142822894069973
3854,-26.974864919405036,15.704373886573828
3855,5.245229613956119,-71.25173329970977
3856,7.771358812930085,-69.46698054614369
3857,-13.465345488556263,44.00950786722805
3858,-26.955161472005166,15.413411920360947
3859,32.161258734727426,-1.5892964580463729
3860,25.18274712534831,1.2456981321887552
3861,4.94151014488212,21.288186090330463
3862,-8.591522343748538,-32.25905782650251
3863,-19.700159573568605,-15.2337715743959
3864,32.198854454996436,-8.939069874275786
3865,7.4193460097508686,22.562604306209188
3866,-14.986317945231157,43.658265199298526
3867,-12.03097855623297,-33.8980148686066
3868,32.18930027124245,-1.6302897185107026
3869,48.667177266664915,-17.66235954742067
3870,12.938731336114211,-66.45215412514932
3871,-13.484850139529271,44.0984025138201
3872,49.3508921179671,-16.081457426239744
3873,-52.449549555627286,10.609625633677783
3874,-50.64771512284055,9.337698879642623
3875,6.410760655959237,-69.67153460722345
3876,-12.088681177012065,-33.93730408538417
3877,46.4191947130663,-23.75467811330234
3878,-56.58805455330486,11.868889739819583
3879,-9.609254697120303,-31.8979120790417
3880,49.2175817910435,-15.167090868563465
3881,-4.211646309642667,25.591259556720686
3882,48.35271827683695,-17.990445929062997
3883,-9.417674750431129,-31.998483909403213
3884,-12.747720339673819,-32.24086388874586
3885,45.98400263434876,-25.056077157487692
3886,-13.742920377995272,43.94686714319697
3887,-13.476493426852915,-29.96538124725156
3888,-18.077316468942705,47.43544406509175
3889,-13.636898670934592,44.285332596699874
3890,-17.621416416909632,46.836693412244024
3891,-13.836501241280637,44.67758467042154
3892,45.854935411602206,-25.318361934257872
3893,15.997218396640783,-65.41178666754858
3894,-22.90445979135089,49.67566058872939
3895,13.452125592955753,-65.83471449207882
3896,-31.592073111706625,23.705611311655005
3897,-30.90231612181324,22.745220545799427
3898,-18.767963347795483,47.888322631334795
3899,-19.094476853017255,-15.255088993348304
3900,13.298766105315826,-65.89049390528422
3901,-52.63605301279119,10.777389567910276
3902,-20.954504520188287,49.289074377566706
3903,-20.384074510785606,48.94397157655983
3904,46.31570140987153,-28.123333347229316
3905,16.970932796732942,-65.41748666350809
3906,-22.834845720061963,49.698130449040434
3907,17.81076441421027,-65.66487584858092
3908,-23.32331589430223,-47.98804574430103
3909,16.772122392009017,-65.36667697505797
3910,-4.9826190969640605,25.31095903066021
3911,-15.98696830417134,-14.727979840821888
3912,-15.899080861579897,-14.724834534845362
3913,-30.873584311913703,22.85142501817886
3914,45.89916416072042,-27.301435175126937
3915,-23.3521697468585,-47.96494014150917
3916,-56.65627275435905,11.924340699211399
3917,14.399502064582112,-66.81962403572922
3918,-4.128842752904314,25.625551875564103
3919,22.937814428427178,18.932472700536284
3920,52.35810480293293,-1.9947255979648817
3921,69.58480950594033,2.9790407664427585
3922,-15.750374346163703,-12.901046479048539
3923,23.048200788526753,18.60074664625292
3924,-33.10763871596053,16.793043276126696
3925,22.9526776557977,18.986018591660727
3926,-14.612380400362353,-7.845978490391346
3927,39.66314182219873,32.84456477954648
3928,46.65741048058492,-7.431887165298019
3929,29.199526514991224,20.278141526292572
3930,-24.13509063097617,-53.55390584698295
3931,49.54757331895868,8.669055294746006
3932,42.06339034453394,30.041865849767266
3933,9.728105523690594,-48.850858142993765
3934,50.118416457728145,8.888958661055185
3935,-23.264440248679534,17.525216407557487
3936,43.17636019855941,-33.12478112631554
3937,-37.49150299184062,1.4081326415184952
3938,-9.029131187678672,-7.903847983601539
3939,69.03988603163562,1.6950187258184737
3940,8.744842303572407,-59.848236645924025
3941,49.61292649709938,8.714090582387751
3942,-24.873161480370342,-54.65501618345479
3943,-39.04716531587419,36.714744574132794
3944,-9.011726235256324,-7.875949883116541
3945,53.228827142254794,-2.5690236220052807
3946,-8.778330053692827,24.48892791518709
3947,23.175547911393267,18.03608786632813
3948,40.42247548815788,31.42971257035755
3949,-14.621408132370822,-13.270231363266127
3950,-49.31299542324855,-19.405785394266314
3951,-8.924490568958584,24.326575450542325
3952,-39.70908622972397,-1.7774638925925885
3953,-39.044654973920466,35.07081063068157
3954,-8.568059892538315,24.742925754910058
3955,-72.0249849474654,-2.3625714808742133
3956,-39.845385110066346,-1.7877393671575157
3957,43.97436639656115,-34.32985978804521
3958,-50.21858365188552,-22.212072065632558
3959,-56.33147446960085,15.308718290866606
3960,-50.74789609518887,-14.421493102819484
3961,8.347873640523312,-59.986595532820765
3962,40.04092181538898,31.93891333927269
3963,-49.94072254280528,-24.826441534075165
3964,-44.078648144945134,-2.9876534768503573
3965,9.999085987188083,-48.88989406111343
3966,-49.33105077545214,-19.3834436198965
3967,-12.347158161344167,51.908494379646314
3968,-70.16961049936688,-2.878841924258374
3969,-18.440359646576017,56.24094750523674
3970,-74.75588403018149,-2.0943703698978684
3971,-24.786963970422722,-54.569704945744625
3972,63.97800550627912,-1.779673090456772
3973,17.5168080802488,-56.29808776273086
3974,44.134446693580806,5.74986910781214
3975,34.180343676094424,-23.103788823210046
3976,-71.33150371413556,-2.4751580050868767
3977,-40.18546781796695,33.173699988389764
3978,-49.94437011849169,-17.264957591379954
3979,-60.04465437090733,14.750762688901041
3980,-50.64130677340558,-22.004919016211304
3981,-48.53141621763808,12.76034378457974
3982,-22.859590661527648,17.417599220404714
3983,-70.22733709204907,-2.781452190191365
3984,-54.681102141778034,15.918106255923107
3985,-40.66423970627169,33.54811548869004
3986,-53.76491916073135,13.255431665073827
3987,-71.03774625933139,-2.5707764133093005
3988,-9.685883447742567,47.574617658029965
3989,-49.37905317509821,-13.603399939336304
3990,-40.201395344594076,33.1003608530332
3991,-14.033895780868262,51.38321643683275
3992,9.085986456280885,-59.89885859196433
3993,-34.12005931612929,-1.3783707131612914
3994,-55.75060620741864,15.250322000813945
3995,28.044113097463548,8.309488244522152
3996,-25.70746664128307,23.98868887905295
3997,-19.62591966885832,58.98554367441631
3998,9.709407795605497,-48.84689570358837
3999,-26.398544205364665,22.507003402932767
4000,-32.962424744019756,16.66795889999809
4001,-27.516483119789633,26.638896281993834
4002,14.51804143018256,-56.90348556689637
4003,16.14275209223317,-56.65141616399457
4004,19.91982909756086,-55.37120825280883
4005,-21.90347694619992,-50.14431201978177
4006,19.8695227467244,-55.389518384941134
4007,-43.99173003906713,14.892487940174178
4008,-56.90535194998743,15.15998108778283
4009,-46.32498912659422,14.65433166432392
4010,44.24014974882921,-34.77500918428836
4011,-53.368804573172966,13.01640941568365
4012,-53.33160333805102,12.978737762158053
4013,-7.5354264169506235,-7.790849182482191
4014,4.572763308747837,-63.98190292879776
4015,9.043423848510283,-48.67328445042562
4016,-12.283706026582239,-41.835580132070724
4017,-11.645644197513267,49.25843049221507
4018,3.1879766337784976,-64.32526589908261
4019,-46.865622026965305,13.7033528570995
4020,-9.980658460666312,48.50419953856274
4021,-10.036067262432073,48.53500465156102
4022,-24.392853136844032,17.721216073981267
4023,-13.190110297922057,-39.763828887509284
4024,-10.13671676463448,48.44666706479283
4025,-18.255612392103874,55.264930355307115
4026,24.56124132279012,-5.937123667453503
4027,3.8183679748855894,-63.92941195616622
4028,-10.833808657169728,48.70016117491018
4029,16.63710443688195,-56.24654724767484
4030,-50.21847686179074,-21.65973659700856
4031,-24.803488169729288,23.282980183506254
4032,-39.926439662839094,-1.8628180376845933
4033,-55.734694298786344,15.513089602738646
4034,23.67219187031979,14.591763662974834
4035,-15.772204832228086,56.01512818806172
4036,37.94316976365403,-26.445434678257534
4037,47.753302242010456,8.04041404596354
4038,-32.94833893163019,16.6547954700826
4039,42.74690431180003,28.37693747942808
4040,-17.180927069620893,57.21150683319165
4041,45.0162034246961,24.43780530564419
4042,-70.87673250530307,-2.500650291213565
4043,38.11819916310323,-26.68083685957097
4044,-50.12789680421794,-22.466196737505918
4045,41.341166932424315,-31.229960074572162
4046,-34.99906769611614,-2.4856743205844927
4047,-16.504399683594304,-12.232120358085057
4048,23.572551753825415,14.31388817598594
4049,34.670377264609684,-23.020255325378685
4050,-50.04861769581675,-21.872218794976536
4051,35.47035093923963,-22.48757395562111
4052,-50.603172215194675,-16.32790947694554
4053,-13.854311518843282,-44.883583595192526
4054,24.668816227191517,13.876488068728067
4055,-22.9034486294049,17.947879315025997
4056,-34.02761306774734,-1.2691419957997052
4057,-22.80849264379613,-10.22752662813544
4058,23.08327909775316,18.368721687973256
4059,-25.84833430477074,24.234326889827972
4060,61.97349927864735,-3.457881756381423
4061,-17.80047924409569,55.67399030839738
4062,-49.284409621397145,15.19688246943924
4063,60.65838151901065,-4.22893088126837
4064,-9.284783193561795,48.39803928978745
4065,63.29288042985222,-3.1545049007552084
4066,35.118112168148365,-22.796805609993143
4067,63.9226392976666,-3.159408472032667
4068,-11.923279472130949,-42.996212915078196
4069,-56.64254330813357,16.495856210121385
4070,44.585376680268084,24.25468174184507
4071,11.465056345392652,-58.54580058868987
4072,63.903492859154746,-3.169790928026814
4073,-48.603577660442824,14.99722490081377
4074,24.184657629096737,14.11785580531873
4075,-6.450093616791553,46.01613722655194
4076,48.32980278843297,8.437116679981635
4077,38.87721356154703,-20.829882536721914
4078,-39.421437790627344,-1.502626668885704
4079,4.6316201009381945,26.787003509221957
4080,-38.4278621599256,36.24460310926474
4081,35.911968820106416,-22.460701528303698
4082,-38.470423546248526,36.224984449703584
4083,-6.213318363177737,-40.57948105711792
4084,-41.50369091825271,-1.9070268948198645
4085,-16.79740366610601,-12.13029359746181
4086,-23.686838509309613,-53.23294809333933
4087,-22.365505272508468,-11.425022393704069
4088,1.920530145611855,-65.4784186082477
4089,-24.889708159869077,-14.675737825965498
4090,-11.482296213709189,49.3710883385308
4091,-22.452464655652452,-10.810215105229002
4092,35.798335669338734,-22.461089969487467
4093,-23.563811995965075,-10.454657767603676
4094,37.431712056411406,-21.14755014465257
4095,5.699652864404388,29.101267406828228
4096,-22.567362282282435,-10.633928143703127
4097,-10.091782988766738,-41.603080654791675
4098,-22.40890843624227,-10.943833927161213
4099,39.86484875671761,-28.513585627353233
4100,-15.821204680022147,-12.564880831205832
4101,20.23403626433624,-55.25866456926247
4102,35.732478324087126,-22.547862978099577
4103,-16.04534403796418,56.51707443544145
4104,8.900297358373386,-59.46734165674985
4105,-26.68152207332052,25.41863004279444
4106,-11.934332761258206,51.68826752154131
4107,-27.273954093195744,26.542585090400816
4108,-26.040983317210216,24.638621576945376
4109,-31.193604099058394,22.08572381442325
4110,38.06280364200237,-4.453289959514781
4111,-20.940036144517027,48.04225654751847
4112,42.101744034841126,20.65859833194455
4113,-21.789551171113693,48.63818830000325
4114,-70.75191441041808,-6.092180632254406
4115,28.090263913779552,8.277260409978426
4116,-31.80834576073572,23.43583873750002
4117,38.130147479379275,-4.513248224897772
4118,-35.49250265527396,3.23909077384193
4119,-54.14009801950075,-15.528984550692206
4120,-19.482117603316876,46.9046090111125
4121,26.77847346515244,15.783189927749127
4122,-30.806036371356647,21.137821210167694
4123,-34.96519236470507,3.28267619942738
4124,-72.44172236985942,-5.810572673349489
4125,-17.148195659504307,45.77544580083544
4126,62.2853926778033,1.7259449183611042
4127,-16.405421879739666,44.764906131923944
4128,-54.64458763459678,-15.953768824933087
4129,-42.69874380859113,35.72854478502991
4130,-23.688270803573655,49.7281246416257
4131,-27.38477547016586,15.012791464936727
4132,61.785057582481684,1.5986363586905032
4133,41.126492508388665,7.04834213602937
4134,-74.77459307876603,-5.323725226330653
4135,-40.355805163651766,2.5356703331455095
4136,62.32930632639818,1.7517965395290604
4137,-40.231629681489025,2.52004211096613
4138,-74.59132888458986,-5.379241766272051
4139,-19.198823616528525,47.30808359592225
4140,-35.199609516905895,3.2524965119575033
4141,-39.949053263451134,2.4718388253849493
4142,-13.283080895738939,41.682500183543354
4143,-42.561559389008316,36.013071016464146
4144,-28.57242751256713,16.089934964967057
4145,-13.478805030605091,41.959472768464195
4146,-40.195064611488704,2.5164405335943023
4147,-54.42639454237599,-16.626768644496515
4148,-41.52958860144498,37.577672309893664
4149,-41.48375270302468,37.79436806399461
4150,38.62709020841729,29.60667894105622
4151,-42.40225588234428,36.27086796805818
4152,13.436230306041876,-66.75216089033617
4153,-45.35779982408644,-19.13970360352076
4154,40.952300874140924,5.320427931454346
4155,6.223205349045121,-71.4099534087056
4156,-54.2811704384452,-15.970760438704087
4157,-51.38588466679677,8.910089764157771
4158,-74.61386863905054,-5.372097881745663
4159,-27.981145390641217,14.716860376166913
4160,40.875566595623845,6.233246835257624
4161,-14.949355265029245,43.16658884816916
4162,-54.31322456685226,-15.780931531822723
4163,38.620859259736,29.67201837014607
4164,-28.17490773149055,14.724135008739495
4165,-42.15683240269401,36.59533464346167
4166,-36.1300431536009,3.3969356790940055
4167,7.195737057017326,-70.30543487261102
4168,8.89119869480756,-69.22225346975424
4169,-31.66471473015717,23.06252600765492
4170,-31.784563825135812,23.557213803815515
4171,-13.22063626566326,41.74553706688433
4172,-20.617605567646613,47.3990592953438
4173,18.670946408858118,-66.22498074715772
4174,-21.956087197261485,48.757370439685
4175,17.781693001575277,-65.92581801382119
4176,-58.20400708206832,11.088806246999692
4177,-32.23632545120389,24.805559243397195
4178,-32.23693951098715,25.328229433216595
4179,18.37782868403895,-66.10778172203652
4180,-24.18218967405675,49.86923361392986
4181,-14.502539131429772,44.484493091237034
4182,-56.383477331395206,11.608075365344869
4183,-32.22825155737644,24.726050178113876
4184,-22.799362486091052,49.379065342782084
4185,-31.869017265766473,23.607010882751634
4186,-21.56251436304739,48.58340603630585
4187,18.268282353672397,-66.04333003015739
4188,-14.609401396461662,43.112862177161475
4189,-14.461700072616791,43.47408841793266
4190,-17.376635637878604,45.87798623696535
4191,-20.980569380236442,48.225096740839
4192,-31.59604602337057,22.900031567226325
4193,-18.858238497309365,47.097368623776035
4194,12.751150184437337,-67.03843554639536
4195,-31.738699216186895,22.992456497832652
4196,7.227238227917885,-70.31638673035931
4197,8.596463320799023,-69.41172005488592
4198,-19.392143623509394,47.14522593347631
4199,-32.10446387999182,23.987752802078276
4200,-14.617546994190812,44.26464723041838
4201,-20.751218243432813,48.0992180024974
4202,12.710048898602773,-66.86803963023615
4203,7.953285648379057,-69.75083182399206
4204,-31.211262442062598,22.145752398584637
4205,-20.343253996352686,47.30560164837419
4206,-23.381864835894213,49.63889864154956
4207,-24.173647659979114,49.85981610049324
4208,-32.19248982298201,24.35522096720609
4209,-15.882118583423473,43.793674315676974
4210,-30.995885181587546,21.685403743142988
4211,8.110594741882132,-69.67498537866811
4212,-51.768107528681185,9.134382081543091
4213,18.6668909745001,-66.22129357389996
4214,6.850865696608315,-70.64876527368332
4215,-29.887372843564556,17.436371466633172
4216,-28.44445826968154,15.932884852383996
4217,12.87371320479652,-66.9787985587852
4218,-51.14312382614155,8.927001482144636
4219,-51.17679450052555,8.616274423224798
4220,-13.45188305466287,41.958126424738246
4221,-28.67678453943332,16.283723259969268
4222,5.450448154496661,-71.58187066013204
4223,6.071131892152259,-71.5339669298359
4224,-14.051473641172075,43.72722283136209
4225,-14.006324960170177,43.653342094992844
4226,-13.305734060352078,41.81008010291921
4227,5.816790847518453,-71.69406934085201
4228,5.963518396516757,-71.5894250390985
4229,-31.224732614833364,22.200790982567433
4230,-28.068088996995183,14.708836774755214
4231,-19.65619079803889,47.8999930181426
4232,-19.543022915106476,47.195431846578465
4233,-56.590134636025766,11.571215805657182
4234,46.46451070903668,25.403943294908608
4235,45.397995197843805,25.599248543803082
4236,61.65984255377729,-4.655544823268752
4237,-13.890880435076587,-40.764885424658395
4238,44.955229848887356,25.776315410349348
4239,-7.624642083639565,-7.845150453615307
4240,23.962449777040128,13.461182535324122
4241,-11.62796402741636,-43.705826193635936
4242,5.7779722718310325,30.625386985448284
4243,46.06885057717865,25.423317637773813
4244,-5.79684533893095,-41.14918685495068
4245,46.26214523278713,25.37665371835775
4246,-9.083357572025436,-42.602229311923
4247,65.43093141854828,-3.2042438984782997
4248,35.82561441334439,-23.42609361185791
4249,-22.473636167655105,-10.105629708745244
4250,44.70303429964409,6.08933270546435
4251,-7.0145822512035965,-42.87963511331375
4252,44.58841212024293,6.596701803933209
4253,4.499949945274662,28.46821667248076
4254,64.46778161077148,-3.632579881856034
4255,-8.910586778197672,-42.518385812293644
4256,-70.15076749882586,-1.7878114785405428
4257,-8.62540843008201,-42.409143519341015
4258,44.89233126500075,7.236988506835686
4259,4.4154886546814645,28.210644746768892
4260,48.62779635603604,8.610833734590814
4261,2.093375111957271,-63.94809205216544
4262,48.67009036514405,8.834080522913919
4263,5.522277621658335,30.633240010697
4264,45.11956046323622,25.779959509419964
4265,4.588489325342137,28.687170865274407
4266,45.21003792050303,25.806533768840143
4267,36.68888190218165,-22.96421546760758
4268,53.51532774629345,-2.856771241176208
4269,38.616977591963504,-28.598764550029717
4270,64.32458999129177,-3.7488305377700817
4271,-15.34814883264824,-46.043720324500825
4272,44.96809294527915,25.63663883955285
4273,-6.306607065694749,45.20733902266241
4274,44.62008813774213,6.425349360652521
4275,-6.262414653114177,-41.372799100963626
4276,44.99489977443842,25.624360692052825
4277,-24.92887848767521,18.60366150126685
4278,-39.46852564772189,32.93080678874703
4279,44.59110896438804,25.939546712071365
4280,-8.706644729523756,-42.85615599275086
4281,-44.65934739911025,-2.791415487224934
4282,38.80861904480305,-28.660435385380023
4283,-7.332750522642966,28.17858065405967
4284,24.12639553619931,13.340092675293544
4285,-13.37129038705883,-45.03092034627586
4286,67.27548733395399,0.14941464774585378
4287,-16.43588948618336,-12.152500975380418
4288,-49.71211658150403,-18.296081586703036
4289,-27.781087977214657,-57.83651988825081
4290,-27.76518392815448,-57.86630864941487
4291,-7.8594460879576005,28.58491260793125
4292,35.75538508985369,-23.69871654175136
4293,36.8052609400633,-22.918132779817114
4294,-22.464833926604026,-9.971839846892474
4295,-4.317998187719146,28.805195738504658
4296,-26.197984046213623,22.01613949040559
4297,5.9730003526438065,31.32232508031931
4298,34.3592077705802,-23.936183501554414
4299,5.762581787361204,30.496497607016323
4300,40.52094754120485,-20.975707659320182
4301,38.707126608216306,-28.62995064153981
4302,-22.992891760239246,-8.508896181573931
4303,5.223741270666264,29.889991663629765
4304,-13.817340146347082,-40.81913284063523
4305,6.2694935323951935,30.540086426709312
4306,-22.447352222186353,-9.93457307816172
4307,-9.302576177219317,-42.65208752620658
4308,34.078060193312844,-23.97783223147897
4309,-8.70107975456378,49.09596043604853
4310,-3.5220922319323194,-39.65320925971939
4311,4.2131040119258865,27.818834176024268
4312,4.049496195797461,27.44810946737663
4313,35.847503535205554,-23.700149938713587
4314,-21.66050307079822,-10.449462225129711
4315,-55.9922415132894,17.239260061188926
4316,13.375892652280378,74.63410184306055
4317,18.90022627367602,28.107626117297915
4318,34.567946472518095,54.8381509061653
4319,18.58773317363774,28.881193855621675
4320,7.01890782036265,66.04126994483396
4321,-34.91996747684671,-13.744299306832698
4322,30.50990534251813,51.226844213680764
4323,18.38047551018574,29.583935013734088
4324,7.877925035777506,66.13243286705767
4325,17.931815446874445,31.113644377075136
4326,35.19438984115957,54.88329563652939
4327,8.040532480376866,69.10758144873408
4328,27.272787606105,32.91146110019431
4329,7.041643178507474,61.82734113890314
4330,33.83825974846876,54.8510012240746
4331,18.577602435593697,-3.9401942098329115
4332,-18.80456189228849,7.678686671142997
4333,7.300863227333791,-0.28855170950820014
4334,11.871581666842134,-8.035505614367116
4335,27.140616373063654,31.878416922133464
4336,12.786595072916564,44.668308852638106
4337,37.79882683160351,57.431867318365846
4338,12.491284404100545,45.76314950022301
4339,9.15004372327772,73.95834078044955
4340,34.64029899667623,53.24098180199425
4341,-32.06756137953136,-24.638098889974756
4342,8.956030475267552,8.345675547271727
4343,-32.88592837056076,-32.67393878032576
4344,18.789807384373518,28.200560569012918
4345,19.48809305482364,-14.23989447785502
4346,16.388834707008606,-1.4200155589330117
4347,7.743288586217475,-0.21504175195562455
4348,-33.58294678082573,-34.505089710944624
4349,12.821275550891881,44.066449815632474
4350,27.386250968110335,31.309366728183548
4351,-32.84028418933412,-32.10555439288522
4352,6.658981668626791,0.10548915898307479
4353,61.07195842443696,22.46221738837679
4354,16.336072089517494,7.166754805564983
4355,7.789746261513888,69.20368173943486
4356,9.64437593028132,8.843223779960757
4357,9.780961947988045,73.78212764359613
4358,19.42215482217635,-14.27249837726806
4359,-31.075923632572593,-27.58095290368685
4360,19.443136410575818,-14.267292212999239
4361,13.268031033614482,-6.022683142141206
4362,61.78602992701484,21.15574799752159
4363,-31.763234054407153,-27.447099735227
4364,12.982091109085722,43.37381284822339
4365,26.871239821438525,48.942699123368385
4366,-35.20727494617752,-13.096393255213012
4367,-31.913706311288195,-25.41450047552068
4368,9.781943467424625,8.289552125454488
4369,7.668239887656316,65.87393544218693
4370,8.514057043298417,8.476523687346855
4371,27.483853689137565,48.88975042335112
4372,-31.851048812607843,-23.977034308657338
4373,13.164779782796062,42.765244124430154
4374,9.912038380165036,74.68222152759296
4375,15.240366564729305,-0.7037337295628611
4376,5.77996953276705,-0.6073824214574002
4377,-35.0697840392825,-13.201099278319631
4378,11.862303371543687,-33.54367387913691
4379,23.125960332039327,-15.428661585050888
4380,17.871523846621546,30.755362843935327
4381,34.253940821731476,52.90900871271941
4382,15.261728984492851,-0.7015054457174553
4383,5.8934199469778985,60.51333588270217
4384,13.314794423119611,43.107019076618435
4385,13.030677613663245,-32.42512692011155
4386,-33.78276705199119,-33.48500334057156
4387,12.46505081829834,-7.512981340979812
4388,-18.034663529934267,9.480702801174179
4389,22.171109351412596,-20.84690672702081
4390,3.2673332249960207,-10.590933840405805
4391,3.2631845281844574,-10.098411566211999
4392,-16.5101279759787,9.125152984562616
4393,-17.446225106521656,8.614960864124424
4394,-17.427713164268862,8.246739942364458
4395,-16.52791787172614,9.198071780703854
4396,10.077902221826497,74.8111443429507
4397,20.241291181952093,-22.188305209106332
4398,9.839918621346584,75.23286351054732
4399,11.65710232444632,-34.27952603974289
4400,14.617656730965725,-17.34728568877894
4401,5.840938129073191,60.344723319300186
4402,11.600553690203743,-34.81136127436662
4403,17.94047047851708,-9.122041960622868
4404,5.777453707288586,63.11965837130312
4405,11.390140542746387,-8.351453503877755
4406,62.404051504912225,22.129545797790886
4407,6.929829168541322,-30.505566270528092
4408,13.090810183760796,-5.721383219624875
4409,5.40055764333212,59.711284177522266
4410,13.810743295546676,-5.783139655560884
4411,20.473142223205066,-22.229487261704193
4412,26.121527663442382,48.715856253335645
4413,22.23714715536425,-23.250368646037295
4414,9.159917784150032,-32.321042143975376
4415,61.06622278613792,22.03630698259512
4416,11.436163486801249,-8.384930696578047
4417,-31.263516953387597,-28.530855190660578
4418,4.283699381995577,60.983795181224295
4419,-29.50335935454711,-32.23212981275673
4420,14.392611081871053,-17.808055771694672
4421,11.12966276500927,-8.696598393907202
4422,-18.77607297563558,9.168802665464208
4423,6.3999588311081155,60.54681784929893
4424,21.187310313710064,-21.3150623975409
4425,-31.646999475667922,-23.318178932289214
4426,-17.6961933898576,8.357594100567397
4427,34.442869546836384,53.27794458763642
4428,10.838512968069667,-8.782592435201092
4429,14.31257358045431,-17.986199060319233
4430,11.025329419932092,-8.877662503699428
4431,-32.78402644939921,-31.683562245188128
4432,36.944676437988655,56.26049949973268
4433,5.6159614481698155,62.51448204081978
4434,27.31447922239995,47.84743338977369
4435,8.821678868539157,-31.56266914386085
4436,3.819470808067007,59.43545387933673
4437,22.380684450367177,-21.178427592857187
4438,6.134901447802666,60.635207794516155
4439,-9.277278147847452,4.414016528479273
4440,10.869152765039075,-9.013330395860525
4441,-32.27937555880992,-34.00354390407639
4442,7.830575280625377,71.74349670850302
4443,3.26851418920345,-9.697646512741079
4444,20.199812819269965,-22.35696725997924
4445,19.232624495302503,-22.96512158755894
4446,3.3751964305021023,58.93630792420476
4447,-31.012171457855406,-29.062448928568386
4448,43.549303070895604,-39.09713107047738
4449,-13.728098047791043,-12.696909047338568
4450,41.08773773882474,-32.637274356442255
4451,41.96216944735732,32.11270721967853
4452,-0.011513552644180677,31.510209663276832
4453,-38.61146705353625,33.827798616013084
4454,-10.630164307116171,25.942756420754627
4455,-19.577576446384793,62.15421570609837
4456,-47.921463879669325,16.70513172760672
4457,4.282955064513585,-58.7189460052528
4458,45.94921586709758,6.3942289143481785
4459,-67.24668782321342,16.125740898412317
4460,-67.24668652945242,16.12574089080772
4461,-48.7301356611567,-27.284652232307668
4462,-22.318897337047215,19.07025186640771
4463,4.794468307101341,-58.61122614244285
4464,45.30265553927608,27.967278719532374
4465,42.3080297570899,-35.43680358958819
4466,-22.38806355110903,-54.88610943006563
4467,-48.307682176773746,-26.004914559913512
4468,-9.198286173651994,52.33101705043889
4469,-71.7280623197528,-1.133672069241937
4470,12.908245367787902,-53.05402003574091
4471,12.908156193646366,-53.0532241853432
4472,-45.39334190875399,-19.263231089813498
4473,-47.95710942539254,16.723017618552436
4474,-8.555940293493562,51.43905362778548
4475,45.901986612773534,6.4794316992226495
4476,-61.41742391792271,17.59828900514071
4477,-17.805043071438813,61.57620282696209
4478,15.204694348782882,-54.22722158534667
4479,41.15046833090145,-32.70416512705453
4480,48.907493671579154,7.7083663889372165
4481,-4.965407989889935,29.690034363942516
4482,10.369421457076639,-56.33429847663803
4483,-39.017679754571645,-3.4977083884668914
4484,-67.38372907000486,16.019856688254887
4485,23.352039291056496,-47.79838960935865
4486,22.480116155319976,19.855878018260178
4487,-10.624083368188439,54.123252257139235
4488,-53.101135058577995,17.99720320809092
4489,-72.87157192364788,-0.9842273521961292
4490,22.993930419433728,-48.07475042406768
4491,22.9939299625401,-48.07475237127159
4492,-77.28117601839196,-1.7266254869241042
4493,-17.93892306742773,-51.23729605631167
4494,-17.93892272329211,-51.237304895208275
4495,-39.7877232677058,-3.6530752557471673
4496,21.00758113367216,-51.33559004956735
4497,-19.77664483853381,62.11341435165364
4498,-44.38675607172138,-4.126701901297696
4499,-53.468915410857925,18.06415743088276
4500,-72.87176841159416,-1.0609458001576049
4501,-23.244016625732993,-56.333666569359295
4502,20.647170820093347,-50.9321431144088
4503,22.566151408305423,19.59828143303675
4504,-63.74562721922369,16.878677036226108
4505,42.71954937868968,-36.07326752750729
4506,40.20654402096675,34.24654715754657
4507,-10.006486815456888,-7.191674201829079
4508,-10.006486815607179,-7.1916742013181745
4509,-75.94097641456668,0.7674695239948409
4510,-24.491188104809783,-59.78977530732462
4511,22.916250138616366,-48.134221035571045
4512,39.82556437648577,34.59896162883866
4513,-12.427982834857366,55.79916969611591
4514,-57.02237911690375,17.82675215257533
4515,-40.135443742503895,-3.7023923753455508
4516,20.799749890502937,-51.14378362849848
4517,20.794759806512342,-51.146669167922546
4518,-76.906485575846,-1.7275271524812268
4519,-53.41000672521002,18.04117393974901
4520,-11.080867210746002,54.56277060736013
4521,-47.97373566032309,-20.844603886643785
4522,-12.440313807871105,55.75829994664823
4523,12.050904856766898,-55.30000457200286
4524,-47.882715277013496,-21.731064251575372
4525,-32.334573082525395,-32.7849234231206
4526,13.34449301696907,45.577267919838555
4527,28.62814835073804,48.99601032872393
4528,18.375246825614308,29.934782962054182
4529,-32.99969074419784,-25.570271587569074
4530,13.504727263313894,44.59803098386819
4531,32.97733462033882,53.461607568572475
4532,13.0176433384911,46.36992969129225
4533,33.26162251485189,53.91463312280708
4534,-35.03924618225866,-14.07433311605396
4535,8.897763193442767,69.28015504255237
4536,27.05516348899669,32.48640709758218
4537,28.962053951565224,49.57472478235656
4538,-32.80441507810296,-26.7787255326162
4539,19.041530885461594,28.879536607151273
4540,12.547954440723345,72.22265836276891
4541,13.293451749449352,45.56059046832097
4542,-12.912868425824644,3.080660040833508
4543,7.63272518737118,-0.44567334122224256
4544,-21.099436261728545,3.994018917413743
4545,13.715735725489795,42.57839892211594
4546,-32.89187647031175,-26.92006555789333
4547,19.51484059927611,27.93058755828105
4548,27.009837931887663,31.651331888091395
4549,62.150874439279676,23.459618250365807
4550,5.636103751215205,0.8907164004264023
4551,14.566944793268403,14.611926524823469
4552,60.201289551925846,22.34943974392083
4553,18.440267685346004,30.071411116663104
4554,34.17713924851291,55.44806437686499
4555,19.379662657189787,28.099209313617525
4556,18.607866490023945,29.731182472210477
4557,9.812942176029555,70.10807666780863
4558,16.612133554261177,-1.5734402803449408
4559,-32.949856450049495,-31.22075069761847
4560,18.112964869658995,6.018778618490086
4561,11.044059274296684,71.34613303612605
4562,11.445772283569703,8.210834537664716
4563,13.38019819284731,74.57420053026921
4564,6.746969941357703,0.3071911302131019
4565,65.98630694821316,19.493957333307915
4566,18.356069011673444,31.037015675146332
4567,5.918199811779477,62.77781227681337
4568,9.036182059212885,10.112459693763757
4569,-33.006271397853986,-24.821217091050208
4570,9.118915449070531,10.144448118754473
4571,5.864063601893462,64.37887063680266
4572,10.23038897733355,43.84499779843345
4573,5.237770393639008,62.30991690546521
4574,6.670306551015041,0.04938627076574123
4575,19.56444688581515,-8.286711988897403
4576,10.971347805119615,7.411368079186877
4577,22.931512402569297,-22.17503528778285
4578,5.383260886042168,60.76324889216366
4579,9.316613172228745,69.66513226650626
4580,11.259835568761416,-30.563066506743674
4581,18.845134079852656,29.15241503126257
4582,-13.644916417315264,3.00397400466087
4583,19.495721413131076,-14.237637975063967
4584,62.47562062046986,21.59041934155616
4585,-33.01741364129758,-24.415339421675288
4586,66.28930878934682,19.453509923759228
4587,-22.19260331932775,4.737624415222828
4588,15.00813681058813,-33.52690782900461
4589,-20.85373797547153,4.524612730057679
4590,13.363233342603126,73.9508466681595
4591,15.039864766125676,-33.65848899547316
4592,-14.686712643286604,3.003901654159851
4593,0.7751712169500543,-10.05160020752383
4594,-17.529234367204086,3.2137659126844693
4595,27.44881653819081,47.53729605956199
4596,13.43622116929413,-32.41611043979507
4597,-32.95599452567505,-28.069721776410177
4598,30.534316479250936,51.52168117624564
4599,8.303723554733493,-29.59329869829927
4600,-0.9026296752165452,3.7903650604135493
4601,7.144846625141931,-29.49232425342002
4602,-0.7930460607664713,2.977400390850476
4603,7.028846664924248,-29.71222621966432
4604,-10.677442458569368,6.978420380009698
4605,2.0052481376012516,-17.09812592454072
4606,3.026658626227082,58.64196333021778
4607,30.437114465735192,53.29778894234582
4608,19.548944730848888,-8.14904839105653
4609,7.017681876292107,-29.906956246774786
4610,2.1330574650403604,-16.794901883602474
4611,62.20091274570818,23.58556613767376
4612,13.061020527407242,-32.15536997454543
4613,63.77510560076116,22.23292063425374
4614,10.338164637512408,-30.781185506224702
4615,-18.753507786246814,3.8727973658103485
4616,34.27198893134009,55.2260023688228
4617,-0.8370916050099886,3.164397566653307
4618,30.373926652110057,51.62915886765064
4619,0.7442975121942477,-9.541743129476677
4620,-33.00933462482909,-25.00962967812733
4621,-32.71220204131412,-24.307978705476398
4622,36.73600314782668,57.78236079694161
4623,-32.77976242956245,-30.739969303542242
4624,-21.901076387321385,4.9530568198557825
4625,-20.838064949533674,4.207598887687608
4626,-0.8422936751316403,5.626132247688225
4627,1.206087627243736,-10.200600363197195
4628,13.197265443370698,74.45329048156269
4629,35.04532821099249,54.467952193200375
4630,18.993766184123505,-8.693483792845253
4631,6.3483382144451905,-19.53381226873189
4632,-16.54199479730528,6.640387223489863
4633,3.362691837353408,58.91386918018989
4634,13.388920152442877,-5.5038302409487425
4635,13.05645154132072,-5.782407608857633
4636,10.852441075503258,75.40233979814805
4637,28.02859394005752,43.816973442149695
4638,4.000131745201412,59.543057353252834
4639,5.551110841941706,60.2926281857745
4640,7.053623848171972,-31.838993731367495
4641,29.59582955763025,52.17796488793868
4642,2.6583402373746825,-11.050810813346107
4643,15.80662570486346,44.65849824719612
4644,12.76186420359243,69.78625489567119
4645,15.8417669491716,44.48489919025561
4646,1.5492463715375668,-10.917893227523544
4647,20.564717241986866,30.669869691596034
4648,-34.34229325398958,-27.712726465913075
4649,-36.43729289131241,-13.347987606536112
4650,-34.39852952903168,-25.88343634198239
4651,15.820782769307943,44.54783974883459
4652,31.422942310561083,50.028542943238854
4653,15.076514676514854,10.489914927653876
4654,-36.5464098668635,-13.295684517094834
4655,12.199221241500615,68.7284474162464
4656,20.116206676947538,31.863469517928337
4657,-34.403922393534614,-25.82640836651262
4658,15.7520290613924,43.59549571901412
4659,11.032739409181913,68.52800759720677
4660,8.762355522671134,1.0522967320126504
4661,12.741861378710185,-33.22240425257593
4662,20.08005057189886,31.77112544859675
4663,-18.749303571241136,5.459847116772607
4664,25.89658891926649,33.46408238191333
4665,65.23915275512306,19.024087159615625
4666,2.8596343501268446,64.33817734805422
4667,16.09506863812938,13.70357686419761
4668,29.103369208444782,44.298785987816004
4669,8.74693643505936,1.040958957583303
4670,-34.19273094028689,-28.90337617543476
4671,25.8692721876093,33.49759783024109
4672,12.772118477149721,69.67445694751841
4673,25.85736415789785,33.49394780662056
4674,35.11493425093888,57.800235026220555
4675,15.814519831947779,44.61754367062928
4676,11.232531387189875,68.88811560914769
4677,15.388139967867328,11.621801938226263
4678,63.31449015172648,21.903021558331062
4679,16.452623789652833,7.929355851842741
4680,2.349932855239622,-17.195952559289953
4681,15.076453028148329,10.512816480659719
4682,13.978714139688025,-6.4335212871147585
4683,-11.96420127646826,3.4958546068415046
4684,29.12886240908579,45.91792645614055
4685,20.430943186373128,30.945327617242715
4686,4.769110240603057,66.7934901260934
4687,2.1551099782972707,59.18527152131907
4688,7.333659726606725,-24.240575791076253
4689,10.73653041495895,68.00113499577284
4690,31.14016490908728,49.86923948361383
4691,31.940857450211208,55.64406789392801
4692,6.214909665836814,-19.765581827587976
4693,4.0276747500951435,66.06343261430774
4694,7.332488060152361,-24.23040191509789
4695,6.164602698809728,-19.842542974174314
4696,-5.916371174806306,-2.3481150765061765
4697,-6.075975401873753,-2.3500943296345302
4698,6.1438077036879335,-19.871329491110874
4699,-2.851558487496469,-0.7235722004335059
4700,7.335561437893309,-24.229396144464424
4701,-34.31566726963786,-27.954716630564537
4702,-15.398094161377076,1.7262882720011998
4703,14.44735391880386,-15.164440328124204
4704,-7.779390849384562,1.8464724346904404
4705,-7.7243745926395775,1.8085277089912926
4706,2.1042059582491586,-17.72214959251193
4707,-2.8428622827244023,-0.7123062839503556
4708,7.33308748573847,-24.2298447734067
4709,10.350932201362529,62.03962552620478
4710,32.50103521742751,56.4913877232119
4711,4.693153931406182,65.3864069853634
4712,31.302612353129064,49.91147117623657
4713,4.5468393074606475,66.52276762474
4714,10.601972375830261,-31.786024622050466
4715,-34.304346466669024,-28.183716727843063
4716,-34.25159170642633,-28.45534895031857
4717,-34.21988332188032,-26.521323858972497
4718,11.174089259859747,68.8156330943159
4719,63.099348185918686,23.010053291969207
4720,-34.27511082587355,-35.93282933846907
4721,2.125411595893985,60.14045562734769
4722,-34.34151294770033,-27.753533333282373
4723,8.124093109514677,-28.688045035646947
4724,28.561354531776374,44.793912762100014
4725,3.0134032659938113,64.47723587649104
4726,31.163900735721697,49.61878051599853
4727,-6.323724121927896,-2.351078604903743
4728,-5.953485171885002,-2.3473846765351802
4729,7.332356045787676,-24.229899947325286
4730,-5.8985755043871535,-2.3473698119319657
4731,-8.231976922862678,2.927493664454499
4732,-8.746550740651465,3.368184170802088
4733,-14.94926898254693,1.8517260351834923
4734,2.827073652248203,64.25692662960017
4735,60.88841819332845,20.63827454816475
4736,4.469699782853693,66.55249997561558
4737,2.6037730104041414,64.14401351009644
4738,-15.268894225441672,1.812689282381007
4739,3.3277223633935202,64.87595499985217
4740,2.981588277069077,64.47165333855604
4741,32.00033860279792,55.80178072254692
4742,5.076608215731528,67.77623868477203
4743,7.554708159806378,-28.552747015387748
4744,2.14415133089216,61.6606707821798
4745,-8.359627190530226,3.828768531114042
4746,60.00385763622627,21.378916665601153
4747,23.006340225485687,-21.706107005096637
4748,7.0240502649650765,-28.231346472946594
4749,2.1455029753552095,61.83926320177964
4750,2.149950541988085,59.0425000615981
4751,2.8717183002926587,63.55497730356083
4752,-8.316684723693502,3.6024153548538633
4753,-5.882888403692823,-2.3434876278437082
4754,7.33234176662837,-24.230275417858813
4755,7.23409820655532,-28.48593302969675
4756,14.250623537061733,-6.385239429638421
4757,14.14876938826904,-6.561697754285191
4758,23.055975972843605,-21.697591612983903
4759,29.149367856313614,45.76611703932119
4760,-33.920385764555476,-35.88945874885926
4761,-34.963011877326174,-36.786445870910995
4762,-34.77412482844421,-36.10625028842652
4763,6.144062358805952,-19.871912485678017
4764,-11.200411636110816,3.061553511249629
4765,-6.211968572934517,-2.3510644618282606
4766,-5.917550993147955,-2.3470063120840523
4767,14.518382795407552,-15.165632958502192
4768,-34.87409648726664,-35.99381912870893
4769,6.144378465873137,-19.871559712048544
4770,-5.883162077027555,-2.343333241475066
4771,7.332445969563583,-24.230662195689323
4772,-34.47974126712602,-35.873643835800195
4773,-33.47535147360319,-35.8679624765117
4774,-34.488746904557196,-35.872878857128455
4775,29.030172409532096,44.48054764434803
4776,0.9490614296311098,-18.71638361281037
4777,-34.20158411459358,-35.890604731363254
4778,-35.04134331442815,-36.67998814132265
4779,-2.850225425906914,-0.7234459065537939
4780,19.72986106071403,-8.900363255795858
4781,22.973798995666098,-21.755525196712313
4782,-2.8513146437197334,-0.7243377434369602
4783,-33.307646470243974,-35.86891998773852
4784,6.14490951861743,-19.86927083035786
4785,6.137514810404706,-19.86937394755316
4786,2.2430260267281277,61.10952030857489
4787,-57.9400689562937,17.931934332431748
4788,34.8276730230102,22.315010008560776
4789,6.628470560038626,-56.86520756708408
4790,-9.358154168401805,52.618722059267846
4791,65.65953319305704,-4.389013250208578
4792,5.279178066345818,-58.55833637350492
4793,45.3362719578928,26.588547862911867
4794,5.386452307179255,-57.46756863461011
4795,65.59937804102262,-4.484488080924376
4796,5.867751989407759,-56.217683141786736
4797,-39.42672687820798,32.66533072227702
4798,-47.097836673854275,17.437304362105678
4799,-9.447173198337158,52.64167334213258
4800,65.0621150204018,-4.866802640948126
4801,33.26534968630264,-26.557977659362955
4802,-32.73726739399354,-0.9808819233987313
4803,-47.08104168149291,17.27150183824791
4804,-68.9377995518161,-2.345056614594825
4805,-7.345164735821353,50.03567176803492
4806,-48.872104383581785,-15.165900976544826
4807,-6.844617360436931,49.72552952569304
4808,45.52691125550501,26.75063917768802
4809,1.7896523574927747,-57.747554685103175
4810,-71.980513371241,-1.1278958413668567
4811,-32.94492559733667,16.65055633020192
4812,-48.655854541138446,-14.825484537122737
4813,1.881934437380701,-58.05839612330654
4814,-48.402867316426054,-14.5350440126431
4815,-38.88587545943849,32.96702429223307
4816,-23.776093908391502,19.704384768392305
4817,-72.72262876992056,-1.1168004067593318
4818,1.536933625838674,-57.186635652080774
4819,-39.023679016708186,32.9319020834913
4820,-47.135966576059964,17.503036976279795
4821,-38.62178220010549,-3.3701812701689615
4822,-6.406703425661747,49.34922253465857
4823,-33.14595219879983,-2.3157302778386977
4824,0.8337106433357094,33.43430872963086
4825,-48.47848017541689,-14.67467037335024
4826,2.4374944995870123,34.71006675423001
4827,-48.91440174275471,-15.055849353954772
4828,-32.99185188634544,-2.0304126654175625
4829,-40.68129209719546,-3.679969999341092
4830,-36.87358054467193,-3.2324798352213664
4831,33.43002947158817,-26.66747726301533
4832,-37.082270225794936,36.831831538763296
4833,-6.128864717636471,49.27148041514995
4834,-40.33974373358014,-3.682196955895985
4835,-48.31686548829667,-24.9507323260967
4836,2.382776349002818,34.765473128851006
4837,-48.22643428801486,-17.854194464812455
4838,3.2428442971276437,33.51277099562025
4839,1.704101852420964,-57.84554266102453
4840,3.3189482657276055,33.49714305872453
4841,46.272455813837915,-8.66137369987342
4842,-5.1334590644783455,-44.71927330238622
4843,-5.273673227516021,-44.73492557314363
4844,-22.97612350022018,19.55950109011436
4845,-22.967480714394487,19.5436278231804
4846,-21.46334418036682,-8.750953228408456
4847,-47.26411176669372,17.559332643608357
4848,0.9494061992092178,-57.65988378720916
4849,-6.549623941011173,49.50871773258641
4850,-7.547745473281577,-46.155558794828096
4851,33.842381460829856,-29.13769313975869
4852,-3.899958311155338,-43.50064740254288
4853,1.9663931346900898,-58.22764604631674
4854,-3.8540431973261273,-43.421636066625865
4855,-3.8380152263100573,-43.39927550763288
4856,-5.902083012454771,49.018246785069564
4857,-48.68920038067418,18.900494572776527
4858,-6.065984389776451,49.23850314749542
4859,-61.143165077156176,18.439013833527817
4860,-59.3987646721233,17.694843816588783
4861,-12.134272025865709,55.528925981242686
4862,-50.94127689400442,18.064774067789667
4863,1.7513717361000531,-57.89930029863712
4864,-47.63526006868354,18.106542012370735
4865,2.373579539636274,-58.61408246736397
4866,-22.848460262469857,19.4765996060374
4867,2.121930213612843,-58.28584533764526
4868,-47.136065127950836,16.749539169259396
4869,-46.14507198593796,16.595036383689322
4870,3.7661770854854124,-58.874507800082206
4871,1.7881237410976114,-57.85852068469123
4872,-8.146930540871399,51.73378175978785
4873,12.006574646070755,-55.360777721277266
4874,41.543886975652065,-33.39096192768134
4875,18.644510673093574,-52.200146978134285
4876,-11.455526802358483,54.88888895681049
4877,-10.671091102504535,54.137555864404014
4878,22.09853083607784,-49.88327769907494
4879,6.1723924042346985,-57.07552375513427
4880,-48.03347989637863,16.708618413433012
4881,-33.002620363438155,-23.97141851099908
4882,8.021989150824004,-0.284484586250485
4883,-21.129907001435065,3.903381872841886
4884,16.64368346065579,-1.563854280268757
4885,0.6739263722210308,-9.198604891095151
4886,13.069065024293977,43.8360897410006
4887,-15.964579765826052,2.9160602367480752
4888,19.107111735510234,28.243004271732858
4889,66.6089653110594,19.19042392466111
4890,10.862518695459952,71.07113080831336
4891,6.93547911293567,-0.08324354044149006
4892,-33.21776668188949,-29.157241867313765
4893,5.338048139274667,63.339712506393525
4894,27.171021419887094,32.936028943002285
4895,66.8562186203163,19.04404194803049
4896,16.568828266221054,-1.5092742268075623
4897,13.973463720486796,-33.712856095682575
4898,18.42683575687604,30.655594674161897
4899,22.97679864366661,-22.23018488009104
4900,13.814705813815399,42.54838504603214
4901,-14.533089168177314,2.980571683274118
4902,14.116369740259008,42.12432717454561
4903,63.607434138075305,22.576979655771183
4904,27.18000838428451,32.00417515547079
4905,28.627421741910023,51.38456500774708
4906,13.821360942248951,42.51954067566002
4907,36.46799077464383,57.96828058783472
4908,12.0008245812542,46.43044957482196
4909,9.286335093158918,73.7809996520506
4910,23.08969046033529,-15.455768080241246
4911,5.086433508692112,62.09780853782093
4912,14.842332193734917,14.4598274867849
4913,-33.161950662926614,-27.55582272479288
4914,18.578016041777776,-3.948839361041716
4915,-32.04550197390247,-25.070033353326973
4916,18.90378485601252,27.61309197655671
4917,-33.11065490393435,-28.987272749853727
4918,9.091453632630229,9.940496278052882
4919,7.560191011014176,-0.02356720876083434
4920,35.474776751932694,56.153168674455884
4921,-35.27770642983612,-13.495724620707525
4922,26.462941981048804,49.82210574207954
4923,18.87149352432853,29.433214106078015
4924,35.35304128635503,56.204029967153105
4925,26.979033193053088,31.515708497227624
4926,64.9885956609805,19.9991423013421
4927,15.041396010254616,14.362080507139488
4928,-34.875367190325306,-14.33038156235512
4929,19.184477635478622,29.016033587771553
4930,4.492852670226553,61.024581397993224
4931,12.407724078890139,45.603663351134415
4932,6.445003013655738,66.62421689570968
4933,11.52748902789478,8.294782540491568
4934,65.91704666528844,19.06142781541014
4935,62.507822255030966,22.548172490899894
4936,18.504018067607078,6.1433980848395215
4937,27.88686512635054,43.846292800309804
4938,8.900080665112334,-0.16360126790091642
4939,-34.95038376090424,-31.473323747525814
4940,8.823432680798723,-0.1615886852909085
4941,27.754439182399558,43.64081816668432
4942,16.13183264813061,13.986655644677223
4943,0.6418749607651781,-18.817435285290074
4944,18.421648052215414,6.11889887525503
4945,0.6939433584783,-18.77796754305382
4946,15.971154012337179,14.000194764405254
4947,-1.5161904616348856,2.4086927957339266
4948,18.219183494585028,31.63754023545549
4949,0.8856803037897228,-18.5862387366899
4950,16.22020973824637,5.544291590288734
4951,-7.930367533258183,1.7814496184157869
4952,11.761092516703915,8.278701269040747
4953,27.94289484300407,43.81260037875751
4954,19.478597172718032,28.015925612973074
4955,61.9020713452629,23.753886353024253
4956,-1.480162990906988,2.43798772943369
4957,-1.3239171104616085,2.5576052873866515
4958,6.498220259116774,-28.397825928839033
4959,-7.773464933142826,1.6627818753328871
4960,-1.1651840280533077,2.7245804887647243
4961,4.353713330275605,59.895756193019785
4962,-34.793149027141226,-34.76679650715871
4963,14.314750465758646,-15.066389950455264
4964,0.7839642554234805,-18.687530808933907
4965,6.791341911212635,68.10064617186234
4966,30.621865125812736,53.50215369444148
4967,7.633756128209358,71.94831459208379
4968,2.594546873988698,-16.274283000209536
4969,34.82762051058127,55.8829922966653
4970,10.951728346575585,75.61566642903898
4971,9.977252870795905,75.34769745931881
4972,10.025087493316253,75.36204377714772
4973,29.86885578999945,51.82757166009245
4974,14.993377004267844,-16.496050636213912
4975,10.355144417046446,-31.41460259886123
4976,63.66147951453097,22.50418792375858
4977,62.25745735793038,22.025356627473847
4978,61.83520848679291,23.859025509581695
4979,60.50374470697686,22.64366907839149
4980,4.583621586158009,-15.85600716837921
4981,15.573943056473668,-15.675536327899957
4982,13.637913712251684,-5.922683064891621
4983,27.404505983042135,45.96729347828242
4984,60.22924963081281,22.35936158484535
4985,-10.715053149190602,7.008586083040037
4986,18.03132913281359,-9.091468109121404
4987,29.59672112080971,51.88595928793923
4988,19.549400111469605,-8.451075980936194
4989,4.538841092951796,60.39207074859162
4990,15.529090588523415,-15.609534318928818
4991,-33.337519869173896,-32.69624212837993
4992,-33.89111429099464,-34.78332869382219
4993,26.58968102176473,48.41281677830847
4994,2.8584660641883666,58.90559922943701
4995,64.1447312946914,21.82558716075893
4996,15.510440409214722,-15.611016183949276
4997,5.451807229147701,60.25323511702777
4998,15.574406945872378,-15.612529038970253
4999,-0.8356558632553656,2.9339888830163514
5000,59.78623594946899,22.362205772634784
5001,19.594724477974015,-8.376946967115277
5002,29.543034839198988,52.07212761155123
5003,37.30823362513159,56.82242832359545
5004,37.24683727584583,56.88588695529236
5005,2.204205607316823,-8.26482086138377
5006,-18.384221180796583,7.884634178672338
5007,-6.177000719371998,27.312960708242887
5008,-21.1116745950142,-50.71348529129574
5009,-12.059670349625165,22.980374840441957
5010,-23.04486141386098,-53.26862251197403
5011,-60.72163092830579,15.90463738194166
5012,44.69385681088191,-37.64754828459976
5013,44.693856811599815,-37.64754828385695
5014,44.72479176418107,-37.66342648846598
5015,22.666896556200758,19.42835324006657
5016,69.5037309764519,3.4975984619394596
5017,-22.414445440256824,61.63285873375874
5018,44.57893771860389,-36.59351540560937
5019,-8.192493741717767,26.030536932965905
5020,-12.51063898777018,22.46705832522934
5021,-12.139200445035025,22.952610696461313
5022,-4.317195044031082,28.042597070919456
5023,11.353438428599686,-57.85252002409155
5024,26.150198175362895,-48.653541444380586
5025,-7.015643603606314,28.91441761096874
5026,-20.463426334251146,-47.90484636310596
5027,-27.67757544174449,-57.748677627496555
5028,-8.028361837713968,28.566666991700174
5029,-8.028361811761812,28.566667599053197
5030,14.78456676118132,-58.41436846433815
5031,-56.145205497846845,16.96903324359317
5032,-11.631255502384587,-43.587798599381756
5033,5.7480279011108255,30.841215147420897
5034,-16.436898898524706,-44.86771540102392
5035,-3.0662420655092726,29.48769348240084
5036,-8.091325234911215,46.14016019103395
5037,-5.785813278271144,-41.05015282006662
5038,3.8558720419569927,26.80952345808133
5039,-7.4909094094932245,-41.16360386278832
5040,-27.931767554088335,-57.471240873272194
5041,25.634858771404193,-48.8649037487311
5042,-25.607775642103284,-58.04716601711594
5043,-24.826077895189307,23.587236399194556
5044,-17.236299042378324,-49.64320919148833
5045,18.577492152799888,-55.00287568636313
5046,18.577517849636255,-55.002817954511094
5047,22.742212656010697,19.301878137492572
5048,69.52769496456283,3.3456556368145236
5049,-13.77724950498604,-12.741883411508987
5050,-36.20700166474356,38.63528389591288
5051,-22.26873668595491,61.87271927431272
5052,-22.73941119729049,61.35112127773668
5053,44.74672175436437,-37.63903345413697
5054,35.10452278015056,-23.568864527261955
5055,-11.129433331262375,-43.23047999581344
5056,-66.24686084595862,15.188837217936156
5057,-21.318606416788025,-51.19610814278735
5058,-26.69502897760465,25.89665005648427
5059,-66.21996412772177,15.224436058675265
5060,-28.053381520829397,29.742907866178143
5061,40.19993463922086,32.90560403760027
5062,-36.855894838974656,37.98022476721125
5063,-12.39080260388459,22.837205370774917
5064,-12.39149810936908,22.837977052697017
5065,-26.908194965036294,30.555943273182262
5066,-11.868285728689498,23.17017553639296
5067,-11.587143196702597,23.448741056587995
5068,39.570313908921825,34.309016087001424
5069,-11.77282268325341,23.262771785646343
5070,-25.78024885556979,-58.04922412830812
5071,-26.282483425666133,-58.06527004428104
5072,-12.030543668126953,23.03105670940056
5073,-21.874093802148643,61.3120049215141
5074,-26.03974548585067,-58.0885440403787
5075,-25.547150554814927,-58.072732592601355
5076,-66.28869574713553,15.15113565014217
5077,-28.078792886745237,29.76177462955364
5078,-55.96260778469347,15.709809157322498
5079,-14.039656905376315,55.954398295613316
5080,-11.5771221015318,23.4512490634344
5081,24.94125848125114,-49.03917627948275
5082,50.771648895617034,8.969108076389025
5083,-58.977414069558236,15.214571377487955
5084,18.023346987725734,-55.16527591241244
5085,-12.080820059212552,23.006223275998178
5086,18.830443365431503,-56.753410951474166
5087,25.6598439821866,-48.849117816997676
5088,-22.285498647675155,61.71613449785971
5089,-25.660370134539924,-58.05405247280991
5090,-66.32358172663824,15.12567532549382
5091,-15.108702719211651,-12.713193308928684
5092,-61.146791651463836,15.714108739591294
5093,-23.411584530090256,18.471407518447627
5094,5.553900217785913,30.693615907345613
5095,-23.013320034387725,-8.521723863943777
5096,-11.638414033013422,-43.63448134785223
5097,-75.64402673713137,-2.0746105468636897
5098,40.34244965410962,32.433322653744916
5099,-42.34041880636766,-2.582997629915338
5100,44.84607805297569,-37.80938771300051
5101,26.20413725422769,-48.615196725817206
5102,-17.261010386500107,56.76279088690587
5103,-7.237733315328757,26.876903433247566
5104,-55.813329728544545,16.876066027191406
5105,-26.230415869156648,24.02180732318932
5106,-10.440213745488528,-42.84069666453853
5107,35.62614133987172,-23.71183717071051
5108,44.64226269332289,-37.627388571040036
5109,-27.037525496432497,-57.92896092350997
5110,-8.93779613839012,49.356440569347484
5111,5.780638581122466,31.14125327532822
5112,16.299770404467974,-55.95106099926568
5113,-49.95318195157197,-23.123459929309817
5114,-41.44213359943438,-2.4492177054730098
5115,48.8635463488532,8.356441102928079
5116,-7.396290826458297,27.425061998085823
5117,-7.396237792162702,27.424934656966798
5118,22.805517014962177,19.115817482992373
5119,22.80551799884778,19.11581767679308
5120,69.37168848208881,3.2761688043441826
5121,50.31877066634939,8.883046914049414
5122,39.89334305499064,33.341398539915225
5123,-26.0069181840511,-58.01926031213687
5124,-15.714360635836613,-12.497311171721048
5125,-21.67493109205603,-51.366816155735
5126,-26.494698939845993,-58.04061798596591
5127,44.65537773346629,-37.591161002707274
5128,-26.36611693447183,-58.060220317321914
5129,2.732344620870926,-60.777231906320885
5130,-9.718356088449141,51.08567725797892
5131,44.84746611489404,-37.83987081492318
5132,44.53758167740324,-37.00789083619796
5133,-14.364035927114797,-48.28772779207407
5134,-65.76912407469162,16.02424320554826
5135,-27.123137817217906,-57.87599150151858
5136,-11.963637304466655,23.05481219834486
5137,-18.44439608743891,-49.85755362401644
5138,-18.44459441048592,-49.85787827582037
5139,-27.470436774597633,-57.7694744509116
5140,-12.779810238565124,54.06207855111913
5141,-18.355227554313757,-49.2816453107346
5142,25.142508013031637,-49.00295921971417
5143,-27.530620331030306,-57.335414231929384
5144,-12.420966037199804,22.275352441853595
5145,25.828506368551533,-48.78815529847593
5146,-28.028246700531533,29.792153504457865
5147,-23.42013461727056,-13.410185975540466
5148,-5.775591810743049,-38.04888140345545
5149,61.50466074345968,-3.7214052289455406
5150,-15.657700830970327,51.75467275936294
5151,-15.65770045494866,51.75467878495836
5152,-39.042128620486984,-0.7403521865793904
5153,-23.252739274346144,17.23211041720944
5154,6.036197053087063,-65.27314736100402
5155,-35.66114169705723,-1.8555204187060474
5156,-6.861872203333754,44.329167391697176
5157,-50.422333255088965,13.167968493108399
5158,-51.596134714273774,-16.766917377856046
5159,6.050524930986606,24.239189840988303
5160,4.620471918273582,-66.06222254460255
5161,63.05499383116926,-2.997144727972344
5162,21.016290972818712,-55.15903526051227
5163,-20.004522105179635,59.15798509809445
5164,-49.920314038834434,-26.11633816476094
5165,-24.019835856756597,17.090283066446858
5166,-11.035672617967986,47.228874648633536
5167,-40.604744844575855,33.27513168710126
5168,-15.833698892633116,53.77778837796362
5169,-50.52447166951919,-21.550891237211424
5170,-16.963275296518102,53.197784359410974
5171,14.990285716091448,-60.67265651394502
5172,40.604171589372555,30.56434653686135
5173,-7.473766305857163,-8.726190161444347
5174,53.59777984124452,-2.7993731478260204
5175,-16.657822211983273,54.44291749949237
5176,-16.65832767246458,54.442836978934906
5177,-50.676260915377654,-22.421675375268297
5178,-56.16926851767735,14.5846232334844
5179,-38.73634282592821,36.46179695527903
5180,-11.537955860074915,47.856207084786945
5181,6.10446856500196,-65.17887472409049
5182,-35.732074793483726,-2.0122040221317055
5183,-16.794497445634203,54.646613308188236
5184,16.804726795385616,-57.16289490744713
5185,-41.51649917928799,-1.4306806621585797
5186,-23.209888865894353,17.234266591904994
5187,-49.98997813270193,-17.112612917948162
5188,-22.976307696866726,-12.86686573393316
5189,-8.592364539393698,-36.813523766880444
5190,-51.32551882560045,-14.679070881047338
5191,-27.779931678051202,23.74240267600772
5192,9.80362508886291,-48.86090334964242
5193,-39.252766165112085,37.1294348061342
5194,-17.70338938081688,-48.135008208115174
5195,39.2778132185286,-26.817245950051994
5196,47.43831957840245,8.06794636300334
5197,-27.70473274918825,24.95711393916191
5198,-17.00217124773398,54.48974295093305
5199,-41.37137416233551,-1.392001097165801
5200,37.815514153214494,-19.309754253739204
5201,37.815273198840394,-19.309766085419948
5202,53.58793239934938,-2.8206415769821103
5203,6.015803836889659,24.189239491264182
5204,-8.654412936923597,-36.77820052367454
5205,43.583053817269686,6.343855379188075
5206,40.87210815593983,-24.563560542682115
5207,5.655540807827691,23.990011836336162
5208,62.759551360233075,-2.818333676611674
5209,-21.959490234854638,-49.10527771859998
5210,-4.510606293639213,26.856796023120673
5211,40.699306543557576,30.612149685056792
5212,-23.01382262827758,-12.763176022144217
5213,4.435951276590192,-66.10721876353594
5214,44.06268408049855,23.91918218911696
5215,-12.120840762064242,48.14795345843134
5216,40.8837944327551,-24.63901164801837
5217,42.85631823924896,26.9553221137066
5218,-11.504834279945069,-36.839532967934986
5219,36.52964476743388,-19.20733124641066
5220,44.70773196003534,23.52824441730644
5221,-23.519522854786434,-12.279378451853281
5222,6.513412285760481,24.608167317608938
5223,-34.322335440207944,-1.25955613754332
5224,-11.888320015393468,-36.61628842323508
5225,-11.888320230748784,-36.616287585233025
5226,30.04573012836407,5.783221709864824
5227,-24.777806776382853,16.817176924717845
5228,37.63402312323075,-19.05310883869679
5229,24.828449744387516,13.975885684695966
5230,40.888573951406585,-24.61415897585143
5231,5.88173274222001,-65.6606247126116
5232,-35.473419864541604,-1.3379547862383354
5233,4.5757387457916465,23.51474666893932
5234,-23.449245478000705,-13.451437195962876
5235,61.46519877614455,-3.5958944354824114
5236,-23.3520888523224,-12.321502296537385
5237,36.85250338651087,-19.19335093667752
5238,24.59076629524551,13.993183872674214
5239,5.583414785026141,23.946087304923385
5240,-7.552633138718141,-36.705410113690746
5241,43.14737866784946,24.031868733066922
5242,-22.737624955040488,-50.564886032728445
5243,43.490504762652506,-32.993410669185565
5244,23.089299432595496,18.499711110045197
5245,-5.539536100811569,14.919116135533756
5246,32.39607869331981,-0.8545039063741615
5247,60.82994625258814,-1.6135241594871006
5248,-22.88251428603732,-12.239897216814729
5249,-15.512169941192008,-6.44469985273214
5250,44.62919509431091,23.947186687073696
5251,-16.897280387993053,53.07184597279755
5252,14.899868364944862,-60.689657335960234
5253,-39.91789186542446,-0.8137564269479538
5254,-17.778062235645564,-48.08462425875797
5255,-6.3483597599981705,15.678382233023495
5256,66.95704505449902,0.04092934853615615
5257,-24.90249440361852,-14.77016157909073
5258,-3.480774685880574,-38.12450261581822
5259,-3.760634037897734,26.982300224825774
5260,10.847764124862367,-60.82302190576674
5261,-39.12373454985752,-0.8518179112344064
5262,-49.17394604281662,11.721466125233231
5263,-5.6397644761443555,-38.15970752113221
5264,42.73698292726011,24.469559547073843
5265,41.11758963847618,-19.09925888661805
5266,-24.836957277699383,-14.729538011977073
5267,60.340765180209324,-4.173934957269051
5268,-7.087109249949677,-8.84633438232094
5269,-7.090611043611157,-36.73496844763531
5270,61.66112379807507,-3.1908685798618586
5271,-23.360779636004075,-13.290189532964613
5272,4.738332123037901,23.567218861611224
5273,42.881423689165466,11.716493422829968
5274,40.89843309056571,-18.55013082344157
5275,40.89824909069694,-18.550143143541536
5276,60.3591742900153,-4.041180124592767
5277,35.21077558710525,-20.78409134146924
5278,35.21079476873675,-20.783908671852267
5279,24.108677957907513,14.259135010262426
5280,-57.966535745350306,10.73979545030324
5281,-39.56067839052407,3.719500348768875
5282,48.27095260690059,-27.524992536902456
5283,-39.33738494454175,3.8095209001795536
5284,9.766684652591625,-71.37008899802554
5285,27.440162230545212,15.768747999767632
5286,8.351150443676303,-71.22417053041931
5287,38.18916360273826,-4.659621132739442
5288,48.19655525089757,-27.07561158745033
5289,27.467824796774753,15.65921074690296
5290,-57.967565685804765,10.747293822825558
5291,51.45148864048977,-19.249024163958165
5292,-43.72984051796046,34.45601254920283
5293,-42.728814328839036,36.79846472194277
5294,-41.950714954578224,38.56479609874453
5295,-55.372597160147166,-17.830802697696118
5296,-10.367216965301678,-24.4992483953246
5297,37.99192253054072,30.469392400259864
5298,-8.946626597824611,-26.500458502742024
5299,-39.335938970341466,3.8102235922627132
5300,-15.170565367103626,41.501164138331426
5301,-41.942524435393615,38.5771147997134
5302,-9.403941404734573,-26.270378238698193
5303,39.56381426088423,6.386797450065921
5304,39.403606278065915,6.293608726108472
5305,-41.92371059463653,38.64323268883863
5306,-36.21501332367582,4.2574740589572135
5307,-55.30876790293102,-16.69704495203886
5308,51.539253897531495,-19.14860950400837
5309,-42.505552383480776,37.439361008950385
5310,-15.207942395721142,41.76082958467828
5311,39.829978957325615,6.61677688754661
5312,47.89958040233836,-20.197789001984507
5313,27.376999004516687,15.744704404563377
5314,-29.099012316940602,15.35553917771547
5315,8.971593422629974,-71.5358887290601
5316,25.132953982222475,17.89025992928402
5317,48.29823838169402,-26.280743052388885
5318,65.16397189888042,3.290446001497148
5319,3.452311189303887,17.50500323664809
5320,41.91443513688953,19.62500730168712
5321,15.687796593713962,-68.13110721312732
5322,62.47299446128008,2.8091529364879158
5323,-25.300207714635047,-47.81417472820528
5324,-35.57707088982497,4.336899206800282
5325,-56.26372365119751,10.19132086534966
5326,38.139836787691856,30.037779795691552
5327,-55.671242527640366,9.861574144673611
5328,61.86330111927309,2.507058740538161
5329,16.470643228168917,-67.83536488159882
5330,65.05803585542432,3.2689445170466738
5331,-20.193874186360535,44.760652149103095
5332,-39.31716702614425,3.7929397725226224
5333,8.99469424572836,-71.95472758829621
5334,-71.22774538557043,-6.467304643054988
5335,18.66204457023648,-67.18083549846433
5336,17.45587894033432,-67.77559399121833
5337,18.821248828178657,-67.14342900981524
5338,48.18340809477143,-27.327670514757727
5339,-20.070467548509413,44.597849305011486
5340,-56.234305719890884,10.178762598996393
5341,-32.663165454834555,23.22814284023403
5342,18.331831741753014,-67.28832928188982
5343,48.14605030784655,-28.129815575644415
5344,1.2123652651785521,18.30494462776575
5345,-9.233047551428026,-26.384120161025074
5346,-11.709429078059085,-28.209120602837377
5347,-11.243907984579582,-28.721950276703282
5348,-23.885855649145267,48.05526902618493
5349,50.66102750001128,-20.34266965969001
5350,-24.686590709473474,-47.616975696712466
5351,17.710209231488825,-67.62998674145969
5352,48.22938003365912,-29.671200899874343
5353,-52.991078093548595,8.250360507862672
5354,-20.690909789790346,45.30310010568913
5355,51.68498259889782,-18.96900354983404
5356,8.340347260079175,-71.15851288283325
5357,-55.79628403136056,9.933701133029448
5358,3.5515651422996606,17.56549404749265
5359,9.624260918479214,-71.40585459861262
5360,-24.447924153845754,48.775898940334244
5361,9.581599588268885,-71.4936001146915
5362,32.986707942681946,-9.14269623910874
5363,-9.176268066557002,-26.3850332891146
5364,-19.85746155817779,44.31278983062016
5365,3.370701758138403,17.250768035323254
5366,50.64505169771146,-20.356309599499323
5367,9.703328302878795,-71.37880900063995
5368,-57.28225667547449,10.56269489883997
5369,-24.65735516786062,49.09885282004899
5370,-16.80557344229092,-15.738639820597704
5371,48.302510548572975,-26.279449772241765
5372,-16.69829385812432,-15.672049892510168
5373,-24.56743301350563,-47.570724535603865
5374,-25.207060124904803,-47.78593014679956
5375,48.21605184210514,-29.48291282237705
5376,-8.455413779844124,-26.66929587228367
5377,-8.820503252576836,-26.54570943399144
5378,52.30805644705079,-18.2103648847667
5379,48.571689098456304,-23.901587693973323
5380,-21.307764048821607,45.90551508881278
5381,-11.255825264084375,-28.665009096505642
5382,-15.222950875383807,41.4909295046913
5383,-29.593978736842917,15.997623538877397
5384,-11.664176985906863,-28.055810146897237
5385,-32.589707557961425,22.878809792844038
5386,-24.600457766007697,49.03497538326483
5387,-20.672021138363704,-18.043039732812197
5388,-21.041320314979682,45.683043401988
5389,-28.482716922626338,14.367003026944833
5390,48.33713014747025,-30.152018011786787
5391,-16.695256758828393,-15.668084998981968
5392,48.387935134083705,-26.072942027362522
5393,-20.159843358226926,44.719606326161326
5394,51.94285693992095,-18.628678783903737
5395,18.321437038851986,-67.30713956608962
5396,-15.196420298759854,41.731039579067264
5397,7.822904069651408,-72.58433010557276
5398,-19.781855046315442,44.2334042887294
5399,1.4576531062373868,-14.114832736463354
5400,6.578711185189577,65.7760377207079
5401,17.44452980817283,5.777587767302124
5402,15.24841842689745,14.283335730727591
5403,-15.821298383695321,2.8868019363390136
5404,-15.821545803522241,2.886768198902985
5405,5.604956295988052,0.9160278098793017
5406,9.304238349908662,10.140517123473197
5407,22.895994383386228,-23.056945558000766
5408,1.6001421958894502,-16.27334328616666
5409,18.352603176502768,29.541731118799163
5410,13.460383208143298,44.75635816863329
5411,-15.867301142455227,2.905626887646397
5412,-15.867267698389712,2.9055355303719743
5413,-34.86918355554544,-14.346347661062548
5414,13.25912061804215,45.750077829012014
5415,-18.41445531119989,2.6497785512372327
5416,10.992922812531372,8.748138060836432
5417,7.542712296207508,0.2011368010422183
5418,13.48922123225853,73.65456786985685
5419,8.877583718343118,10.252946226938889
5420,14.360186153068742,14.72604512474848
5421,-32.75463151569996,-23.87270483338878
5422,5.377528620453215,0.9773002168004723
5423,16.04919615081783,5.516703622844108
5424,-32.932904086688914,-27.694601040945866
5425,-32.93212202434603,-24.54755120574583
5426,9.933602362570324,9.538111688534691
5427,6.243000852590213,0.6505470285702044
5428,-10.242342768351806,2.977283107295108
5429,-32.29919944478328,-32.9487552292784
5430,28.671691027592587,48.85284288252897
5431,13.15840643773219,45.80659434942228
5432,-34.71036976408309,-14.379279952247003
5433,13.514377778555916,73.56852906489186
5434,9.274611632951144,10.131050009315171
5435,5.59669814348224,0.9052242708966717
5436,-33.04300967150182,-25.153085719247805
5437,16.617775588175824,5.591270405800618
5438,16.617813399368583,5.591035699808736
5439,14.042439423058518,-32.36434944163134
5440,14.04244103819616,-32.364350530564465
5441,-33.17966534910908,-29.268893328844456
5442,64.40327059109269,20.284613569767437
5443,26.99355517893636,31.116295004816035
5444,9.069341927693317,10.23510133053026
5445,-12.633332606686317,3.148534204564265
5446,62.69499361379441,20.172484778790913
5447,-12.633292142275284,3.1485028364806733
5448,-34.33284164187643,-14.92550198811739
5449,16.012440813212628,5.508888069402394
5450,6.357183510155761,64.86719320062305
5451,9.095126533263018,-29.39190405403756
5452,9.095126824000582,-29.391903390392933
5453,16.85731402130411,5.650201036603319
5454,16.857341590455565,5.650225087095012
5455,0.6832655456792117,-9.943428432438639
5456,14.073641651230481,-32.330733256498775
5457,14.792376976785013,-33.14997126562162
5458,14.675538032882358,-33.02398082084796
5459,-21.22749431141553,3.907447661197709
5460,-21.22752238236325,3.9074516296346276
5461,0.6772198169166705,-9.257160000309947
5462,-21.497788059837404,3.8265029716784427
5463,-22.86701591480945,4.707269147911084
5464,-22.494012584511204,4.592949920279971
5465,-0.9047665254767537,6.072091924665254
5466,11.16402805782127,-9.384728292952245
5467,7.606575604856958,66.10970420196541
5468,8.812151824426191,68.56839191026039
5469,-15.20413243822221,3.009137748428077
5470,15.046209295526664,-34.14163118062747
5471,33.12128459131543,53.53424837694325
5472,11.352618308334979,-30.75492373799852
5473,-15.145152376313192,3.3401976558888915
5474,-15.145114744744545,3.3401445655953905
5475,-33.06672151639351,-25.033514256008505
5476,-0.9346916205533681,5.523710802953821
5477,0.9030464008067376,-10.27028897145244
5478,-19.01545964874308,3.4140309041772197
5479,-19.01549086671595,3.4140307726102175
5480,8.49898867072856,-29.16548544765753
5481,8.498988974720561,-29.165484348979977
5482,-11.090042970488513,3.082982642311871
5483,-11.089989550080183,3.082989843316391
5484,8.498988966420225,-29.165484394982144
5485,8.498988854980094,-29.165485012593273
5486,1.7770809023144258,-15.70837905896597
5487,65.00026413406898,19.991472633522648
5488,-33.05043479178673,-28.196056662592543
5489,9.577313329991187,69.79359546424845
5490,0.7813579375575526,-7.96130326364658
5491,0.794939037454804,-7.972911593705873
5492,-21.552259798660202,4.1296259844228995
5493,-22.120236502728478,4.170693330691313
5494,14.656580279099613,-32.99361023678646
5495,14.656583900181223,-32.99364200969084
5496,0.5606177865091527,-9.789175396076015
5497,10.363344832560978,70.44659377584955
5498,-22.162412723592574,4.366294422050259
5499,-14.903523324698567,2.94239516936706
5500,-14.903523324694975,2.9423951693657386
5501,11.192641113429636,-30.462389395536228
5502,1.3887429915422969,-13.451565578092454
5503,-19.45720104780404,3.4573392737842297
5504,11.218475806939272,-30.511823626225656
5505,1.4034328244173697,-13.386721240886793
5506,11.218193084566565,-30.511706387204455
5507,-21.47851252023457,4.109276055835324
5508,-22.79808446190115,4.753943595050693
5509,-0.8860533235630923,6.181110700102889
5510,-32.882040941367016,-24.125650460709956
5511,33.20175456126474,53.84727840674222
5512,-32.41606878332628,-22.831978085557868
5513,13.481060544028104,75.24377137522853
5514,13.429224798498655,75.05242325136032
5515,34.09455232925388,55.466170671828905
5516,28.11038798834503,48.911835766981056
5517,6.42970201704581,65.13270290600218
5518,21.532137380232214,-23.66669898188706
5519,0.5948990573678168,-8.649759146150494
5520,11.11913390700565,-30.81074400024642
5521,23.913190227013583,-46.897876387634085
5522,-48.38710620134453,-26.56334002509901
5523,-21.030527398879727,-54.188813381936555
5524,-40.42457304775832,-3.806377332163978
5525,7.363932038645055,-56.78613188248588
5526,-75.43917485164513,-1.3959575563422175
5527,-10.638065289551355,54.58269275857771
5528,-48.177974160683,-16.07550946074234
5529,-19.566784694937976,62.15234021969508
5530,-48.36402906406656,-15.51167412345002
5531,18.392132285844692,-52.050199549024455
5532,-73.26006661258404,-1.0914443866493324
5533,6.6054920169032565,-53.5476152459358
5534,66.19358738563935,-3.8576862676577335
5535,20.398687433834958,-51.03797524990439
5536,-73.032829875091,-0.9850618199344622
5537,41.869748425412055,32.255796082564885
5538,-8.574448899741293,51.5996570200664
5539,45.27096523011216,27.95447918526476
5540,4.53065928008264,33.28817552421497
5541,45.441434428381804,26.891476667650323
5542,-48.68644879729956,16.91281254228785
5543,-41.63465684314267,-4.17899031172943
5544,-8.833202449884137,-47.44481128569546
5545,47.11928436642488,7.019739097553727
5546,-7.560166572497292,30.117162233889633
5547,-77.31135718621123,-1.744255863280942
5548,-10.43744544483207,-49.30184043600142
5549,-41.451628492752896,-4.627004439679874
5550,-17.334054565228577,61.41978648025923
5551,-47.78571923988021,-21.957132196502066
5552,12.353305823539548,-54.645893120559
5553,-48.21386884251373,-25.54792400959939
5554,13.5857429370112,-53.48204308091851
5555,-47.804277495207224,-21.586176330773583
5556,-21.625329285777813,63.67941521471841
5557,-72.89436719574694,-0.9672971017510692
5558,-37.17261701416057,36.42018801293533
5559,13.05376230667741,-53.61957934414444
5560,-43.34319215302431,-4.478177984593476
5561,12.221180539221937,-55.080968410116284
5562,-48.41379476771002,-14.7328413352167
5563,-10.307788824782016,54.74930608680523
5564,-36.8576484321547,36.91497910664643
5565,-27.612245287462002,30.060140011138415
5566,-37.730296743240395,35.449065949948135
5567,-14.764198485091756,-50.34000682229139
5568,-38.68278475073037,33.687102067729455
5569,15.235589125986893,-54.158175006596075
5570,-7.964197829003913,50.5466280122555
5571,-24.306263692692315,23.839840419092393
5572,13.603207723575574,-53.1366834915588
5573,1.9037172493999164,-57.56655046660371
5574,-14.56812035889459,-7.922122954617389
5575,18.44157851248986,-52.15229416601346
5576,6.406223194501779,-55.34520567614585
5577,3.249762960333101,33.54811032719535
5578,-53.85360663344439,18.107810596494467
5579,34.3231985457067,-29.035074637723294
5580,-26.138979732942207,26.677345477224453
5581,-24.09156324710823,21.673692570623153
5582,-10.011443475087654,-47.3607305200895
5583,12.057740271167892,-55.20713736355544
5584,-21.77680089173436,63.71595818588812
5585,36.10892748291084,-28.63151751477404
5586,-57.72937627077132,17.811474919725338
5587,-58.71287151883529,17.86135379963761
5588,-19.520712447458447,63.1697012587534
5589,-9.645410909274775,52.980275709642534
5590,-8.037238109917915,50.70298826495727
5591,-21.773357419028848,-8.36893976900861
5592,1.4670997223929538,34.859576056185254
